1.11876	241408	242880
1.11877	242880	244352
1.11878	244352	245824
1.11879	245824	247296
1.1188	247296	248768
1.11881	248768	250240
1.11883	250240	251712
1.11884	251712	253184
1.11885	253184	254656
1.11886	254656	256128
1.11887	256128	257600
1.11889	257600	259072
1.1189	259072	260544
1.11891	260544	262016
1.11892	262016	263488
1.11893	263488	264960
1.11894	264960	266432
1.11896	266432	267904
1.11897	267904	269376
1.11898	269376	270848
1.11899	270848	272320
1.119	272320	273792
1.11902	273792	275264
1.11903	275264	276736
1.11904	276736	278208
1.11905	278208	279680
1.11906	279680	281152
1.11907	281152	282624
1.11909	282624	284096
1.1191	284096	285568
1.11911	285568	287040
1.11912	287040	288512
1.11913	288512	289984
1.11915	289984	291456
1.11916	291456	292928
1.11917	292928	294400
1.11918	294400	295872
1.11919	295872	297344
1.1192	297344	298816
1.11922	298816	300288
1.11923	300288	301760
1.11924	301760	303232
1.11925	303232	304704
1.11926	304704	306176
1.12713	306176	307648
1.12714	307648	309120
1.12715	309120	310592
1.12717	310592	312064
1.14163	312064	313536
1.14164	313536	315008
1.14166	315008	316480
1.14167	316480	317952
1.14168	317952	319424
1.14169	319424	320896
1.1417	320896	322368
1.14172	322368	323840
1.14173	323840	325312
1.14174	325312	326784
1.14175	326784	328256
1.14176	328256	329728
1.14177	329728	331200
1.14179	331200	332672
1.1418	332672	334144
1.14181	334144	335616
1.14182	335616	337088
1.14183	337088	338560
1.14184	338560	340032
1.14186	340032	341504
1.14187	341504	342976
1.14188	342976	344448
1.14189	344448	345920
1.1419	345920	347392
1.14192	347392	348864
1.14193	348864	350336
1.16064	350336	351808
1.16065	351808	353280
1.16066	353280	354752
1.16067	354752	356224
1.16069	356224	357696
1.1607	357696	359168
1.16071	359168	360640
1.16072	360640	362112
1.16073	362112	363584
1.16075	363584	365056
1.16076	365056	366528
1.16077	366528	368000
1.16078	368000	369472
1.16079	369472	370944
1.1608	370944	372416
1.16082	372416	373888
1.16083	373888	375360
1.16084	375360	376832
1.16086	376832	378304
1.20191	378304	379776
1.20192	379776	381248
1.20193	381248	382720
1.20195	382720	384192
1.20196	384192	385664
1.20197	385664	387136
1.20198	387136	388608
1.20199	388608	390080
1.202	390080	391552
1.20202	391552	393024
1.20203	393024	394496
1.20204	394496	395968
1.20205	395968	397440
1.20206	397440	398912
1.20208	398912	400384
1.20209	400384	401856
1.2021	401856	403328
1.20211	403328	404800
1.20212	404800	406272
1.20213	406272	407744
1.20215	407744	409216
1.20216	409216	410688
1.20217	410688	412160
1.20218	412160	413632
1.20219	413632	415104
1.20221	415104	416576
1.20222	416576	418048
1.20223	418048	419520
1.20224	419520	420992
1.20225	420992	422464
1.20226	422464	423936
1.20228	423936	425408
1.20229	425408	426880
1.2023	426880	428352
1.20231	428352	429824
1.20233	429824	431296
1.21272	431296	432768
1.21274	432768	434240
1.21275	434240	435712
1.21276	435712	437184
1.21277	437184	438656
1.21278	438656	440128
1.2128	440128	441600
1.21281	441600	443072
1.21282	443072	444544
1.21283	444544	446016
1.21284	446016	447488
1.21887	447488	448960
1.21888	448960	450432
1.21889	450432	451904
1.2189	451904	453376
1.21891	453376	454848
1.21893	454848	456320
1.21894	456320	457792
1.21895	457792	459264
1.21896	459264	460736
1.21897	460736	462208
1.21898	462208	463680
1.219	463680	465152
1.21901	465152	466624
1.21902	466624	468096
1.27284	468096	469568
1.27285	469568	471040
1.27286	471040	472512
1.27287	472512	473984
1.27289	473984	475456
1.2729	475456	476928
1.27291	476928	478400
1.27292	478400	479872
1.27293	479872	481344
1.27294	481344	482816
1.27296	482816	484288
1.27297	484288	485760
1.27298	485760	487232
1.27299	487232	488704
1.273	488704	490176
1.27302	490176	491648
1.27303	491648	493120
1.27304	493120	494592
1.27305	494592	496064
1.27306	496064	497536
1.27307	497536	499008
1.27309	499008	500480
1.2731	500480	501952
1.27311	501952	503424
1.27312	503424	504896
1.27313	504896	506368
1.27315	506368	507840
1.27316	507840	509312
1.27317	509312	510784
1.27318	510784	512256
1.27319	512256	513728
1.2732	513728	515200
1.27322	515200	516672
1.27323	516672	518144
1.27324	518144	519616
1.27325	519616	521088
1.27326	521088	522560
1.27328	522560	524032
1.27329	524032	525504
1.2733	525504	526976
1.27331	526976	528448
1.27332	528448	529920
1.27333	529920	531392
1.27335	531392	532864
1.32656	532864	534336
1.32657	534336	535808
1.32658	535808	537280
1.32659	537280	538752
1.3266	538752	540224
1.32661	540224	541696
1.32663	541696	543168
1.32664	543168	544640
1.32665	544640	546112
1.32666	546112	547584
1.32667	547584	549056
1.32669	549056	550528
1.3267	550528	552000
1.32671	552000	553472
1.32672	553472	554944
1.32673	554944	556416
1.32674	556416	557888
1.32676	557888	559360
1.32677	559360	560832
1.32678	560832	562304
1.32679	562304	563776
1.3268	563776	565248
1.32682	565248	566720
1.32683	566720	568192
1.32684	568192	569664
1.32685	569664	571136
1.32686	571136	572608
1.32687	572608	574080
1.32689	574080	575552
1.3269	575552	577024
1.32691	577024	578496
1.32692	578496	579968
1.32693	579968	581440
1.32695	581440	582912
1.32696	582912	584384
1.32697	584384	585856
1.32698	585856	587328
1.32699	587328	588800
1.327	588800	590272
1.32702	590272	591744
1.32703	591744	593216
1.32704	593216	594688
1.32705	594688	596160
1.32706	596160	597632
1.33366	597632	599104
1.33367	599104	600576
1.33368	600576	602048
1.33369	602048	603520
1.33371	603520	604992
1.38692	604992	606464
1.38693	606464	607936
1.38695	607936	609408
1.38696	609408	610880
1.38697	610880	612352
1.38698	612352	613824
1.38699	613824	615296
1.38701	615296	616768
1.38702	616768	618240
1.38703	618240	619712
1.38704	619712	621184
1.38705	621184	622656
1.38706	622656	624128
1.38708	624128	625600
1.38709	625600	627072
1.3871	627072	628544
1.38711	628544	630016
1.38712	630016	631488
1.38714	631488	632960
1.38715	632960	634432
1.38716	634432	635904
1.38717	635904	637376
1.38718	637376	638848
1.38719	638848	640320
1.38721	640320	641792
1.38722	641792	643264
1.38723	643264	644736
1.38724	644736	646208
1.38725	646208	647680
1.38727	647680	649152
1.38728	649152	650624
1.38729	650624	652096
1.3873	652096	653568
1.38731	653568	655040
1.38732	655040	656512
1.38734	656512	657984
1.38735	657984	659456
1.38736	659456	660928
1.38737	660928	662400
1.38738	662400	663872
1.3874	663872	665344
1.38741	665344	666816
1.38742	666816	668288
1.38743	668288	669760
1.42967	669760	671232
1.42968	671232	672704
1.42969	672704	674176
1.4297	674176	675648
1.42972	675648	677120
1.42973	677120	678592
1.42974	678592	680064
1.42975	680064	681536
1.42976	681536	683008
1.42977	683008	684480
1.42979	684480	685952
1.4298	685952	687424
1.42981	687424	688896
1.42982	688896	690368
1.42983	690368	691840
1.42985	691840	693312
1.42986	693312	694784
1.42987	694784	696256
1.42988	696256	697728
1.42989	697728	699200
1.4299	699200	700672
1.42992	700672	702144
1.42993	702144	703616
1.42994	703616	705088
1.42995	705088	706560
1.42996	706560	708032
1.42998	708032	709504
1.42999	709504	710976
1.43	710976	712448
1.43001	712448	713920
1.43002	713920	715392
1.43003	715392	716864
1.43005	716864	718336
1.43006	718336	719808
1.43007	719808	721280
1.43008	721280	722752
1.43009	722752	724224
1.43011	724224	725696
1.43012	725696	727168
1.43013	727168	728640
1.43014	728640	730112
1.43015	730112	731584
1.43016	731584	733056
1.43018	733056	734528
1.46926	734528	736000
1.46927	736000	737472
1.46929	737472	738944
1.4693	738944	740416
1.46931	740416	741888
1.46932	741888	743360
1.46933	743360	744832
1.46935	744832	746304
1.46936	746304	747776
1.46937	747776	749248
1.46938	749248	750720
1.46939	750720	752192
1.4694	752192	753664
1.46942	753664	755136
1.46943	755136	756608
1.46944	756608	758080
1.46945	758080	759552
1.46946	759552	761024
1.46948	761024	762496
1.46949	762496	763968
1.4695	763968	765440
1.46951	765440	766912
1.46952	766912	768384
1.46953	768384	769856
1.46955	769856	771328
1.46956	771328	772800
1.46957	772800	774272
1.46958	774272	775744
1.46959	775744	777216
1.46961	777216	778688
1.46962	778688	780160
1.46963	780160	781632
1.46964	781632	783104
1.46965	783104	784576
1.46966	784576	786048
1.46968	786048	787520
1.46969	787520	788992
1.4697	788992	790464
1.46971	790464	791936
1.46972	791936	793408
1.46974	793408	794880
1.46975	794880	796352
1.46976	796352	797824
1.46977	797824	799296
1.52117	799296	800768
1.52118	800768	802240
1.52119	802240	803712
1.5212	803712	805184
1.52121	805184	806656
1.52123	806656	808128
1.52124	808128	809600
1.52125	809600	811072
1.52126	811072	812544
1.52127	812544	814016
1.52128	814016	815488
1.5213	815488	816960
1.52131	816960	818432
1.52132	818432	819904
1.52133	819904	821376
1.52134	821376	822848
1.52136	822848	824320
1.52137	824320	825792
1.52138	825792	827264
1.52139	827264	828736
1.5214	828736	830208
1.52141	830208	831680
1.52143	831680	833152
1.52144	833152	834624
1.52145	834624	836096
1.52146	836096	837568
1.52147	837568	839040
1.52148	839040	840512
1.5215	840512	841984
1.52151	841984	843456
1.52152	843456	844928
1.52153	844928	846400
1.52154	846400	847872
1.52156	847872	849344
1.52157	849344	850816
1.52158	850816	852288
1.52159	852288	853760
1.5216	853760	855232
1.52161	855232	856704
1.52163	856704	858176
1.52164	858176	859648
1.52165	859648	861120
1.52166	861120	862592
1.52167	862592	864064
1.57646	864064	865536
1.57647	865536	867008
1.57648	867008	868480
1.57649	868480	869952
1.57651	869952	871424
1.57652	871424	872896
1.57653	872896	874368
1.57654	874368	875840
1.57655	875840	877312
1.57656	877312	878784
1.57658	878784	880256
1.57659	880256	881728
1.5766	881728	883200
1.57661	883200	884672
1.57662	884672	886144
1.57664	886144	887616
1.57665	887616	889088
1.57666	889088	890560
1.57667	890560	892032
1.57668	892032	893504
1.57669	893504	894976
1.57671	894976	896448
1.57672	896448	897920
1.57673	897920	899392
1.57674	899392	900864
1.57675	900864	902336
1.57677	902336	903808
1.57678	903808	905280
1.57679	905280	906752
1.5768	906752	908224
1.57681	908224	909696
1.57682	909696	911168
1.57684	911168	912640
1.57685	912640	914112
1.57686	914112	915584
1.57687	915584	917056
1.57688	917056	918528
1.5769	918528	920000
1.57691	920000	921472
1.57692	921472	922944
1.57693	922944	924416
1.57694	924416	925888
1.57695	925888	927360
1.57697	927360	928832
1.63124	928832	930304
1.63125	930304	931776
1.63126	931776	933248
1.63127	933248	934720
1.63128	934720	936192
1.6313	936192	937664
1.63131	937664	939136
1.63132	939136	940608
1.63133	940608	942080
1.63134	942080	943552
1.63135	943552	945024
1.63137	945024	946496
1.63138	946496	947968
1.63139	947968	949440
1.6314	949440	950912
1.63141	950912	952384
1.63143	952384	953856
1.63144	953856	955328
1.63145	955328	956800
1.63146	956800	958272
1.63147	958272	959744
1.63148	959744	961216
1.6315	961216	962688
1.63151	962688	964160
1.63152	964160	965632
1.63153	965632	967104
1.63154	967104	968576
1.63156	968576	970048
1.63157	970048	971520
1.63158	971520	972992
1.63159	972992	974464
1.6316	974464	975936
1.63161	975936	977408
1.63163	977408	978880
1.63164	978880	980352
1.63165	980352	981824
1.63166	981824	983296
1.63167	983296	984768
1.63169	984768	986240
1.6317	986240	987712
1.63171	987712	989184
1.63172	989184	990656
1.63173	990656	992128
1.63174	992128	993600
1.64544	993600	995072
1.64545	995072	996544
1.64546	996544	998016
1.64547	998016	999488
1.64548	999488	1000960
1.64549	1000960	1002432
1.64551	1002432	1003904
1.64552	1003904	1005376
1.64553	1005376	1006848
1.64554	1006848	1008320
1.64555	1008320	1009792
1.64557	1009792	1011264
1.64558	1011264	1012736
1.64559	1012736	1014208
1.6456	1014208	1015680
1.64561	1015680	1017152
1.64562	1017152	1018624
1.64564	1018624	1020096
1.64565	1020096	1021568
1.64566	1021568	1023040
1.64568	1023040	1024512
1.67989	1024512	1025984
1.6799	1025984	1027456
1.67991	1027456	1028928
1.67993	1028928	1030400
1.67994	1030400	1031872
1.67995	1031872	1033344
1.67996	1033344	1034816
1.67997	1034816	1036288
1.67998	1036288	1037760
1.68	1037760	1039232
1.68001	1039232	1040704
1.68002	1040704	1042176
1.68003	1042176	1043648
1.68004	1043648	1045120
1.68005	1045120	1046592
1.68007	1046592	1048064
1.68008	1048064	1049536
1.68009	1049536	1051008
1.6801	1051008	1052480
1.68011	1052480	1053952
1.68013	1053952	1055424
1.68014	1055424	1056896
1.68015	1056896	1058368
1.68016	1058368	1059840
1.68017	1059840	1061312
1.68018	1061312	1062784
1.6802	1062784	1064256
1.68021	1064256	1065728
1.68022	1065728	1067200
1.68023	1067200	1068672
1.68024	1068672	1070144
1.68026	1070144	1071616
1.68027	1071616	1073088
1.68028	1073088	1074560
1.68029	1074560	1076032
1.6803	1076032	1077504
1.68031	1077504	1078976
1.68033	1078976	1080448
1.68034	1080448	1081920
1.68035	1081920	1083392
1.68036	1083392	1084864
1.68037	1084864	1086336
1.68039	1086336	1087808
1.6804	1087808	1089280
1.68203	1089280	1090752
1.68204	1090752	1092224
1.68206	1092224	1093696
1.71007	1093696	1095168
1.71008	1095168	1096640
1.7101	1096640	1098112
1.71011	1098112	1099584
1.71012	1099584	1101056
1.71013	1101056	1102528
1.71014	1102528	1104000
1.71015	1104000	1105472
1.71017	1105472	1106944
1.71018	1106944	1108416
1.71019	1108416	1109888
1.7102	1109888	1111360
1.71021	1111360	1112832
1.71023	1112832	1114304
1.71024	1114304	1115776
1.71025	1115776	1117248
1.71026	1117248	1118720
1.71027	1118720	1120192
1.71028	1120192	1121664
1.7103	1121664	1123136
1.71031	1123136	1124608
1.71032	1124608	1126080
1.71033	1126080	1127552
1.71034	1127552	1129024
1.71036	1129024	1130496
1.71037	1130496	1131968
1.71038	1131968	1133440
1.71039	1133440	1134912
1.7104	1134912	1136384
1.71041	1136384	1137856
1.71043	1137856	1139328
1.71044	1139328	1140800
1.71045	1140800	1142272
1.71046	1142272	1143744
1.71047	1143744	1145216
1.71049	1145216	1146688
1.7105	1146688	1148160
1.71833	1148160	1149632
1.71834	1149632	1151104
1.71835	1151104	1152576
1.71837	1152576	1154048
1.71838	1154048	1155520
1.71839	1155520	1156992
1.7184	1156992	1158464
1.71841	1158464	1159936
1.71843	1159936	1161408
1.74712	1161408	1162880
1.74714	1162880	1164352
1.74715	1164352	1165824
1.74716	1165824	1167296
1.74717	1167296	1168768
1.74718	1168768	1170240
1.74719	1170240	1171712
1.74721	1171712	1173184
1.74722	1173184	1174656
1.74723	1174656	1176128
1.74724	1176128	1177600
1.74725	1177600	1179072
1.74727	1179072	1180544
1.74728	1180544	1182016
1.74729	1182016	1183488
1.7473	1183488	1184960
1.74731	1184960	1186432
1.74732	1186432	1187904
1.74734	1187904	1189376
1.74735	1189376	1190848
1.74736	1190848	1192320
1.74737	1192320	1193792
1.74738	1193792	1195264
1.7474	1195264	1196736
1.74741	1196736	1198208
1.74742	1198208	1199680
1.74743	1199680	1201152
1.74744	1201152	1202624
1.74745	1202624	1204096
1.74747	1204096	1205568
1.74748	1205568	1207040
1.74749	1207040	1208512
1.7475	1208512	1209984
1.74751	1209984	1211456
1.74753	1211456	1212928
1.74754	1212928	1214400
1.74755	1214400	1215872
1.74756	1215872	1217344
1.74757	1217344	1218816
1.74759	1218816	1220288
1.78598	1220288	1221760
1.78599	1221760	1223232
1.78601	1223232	1224704
1.78602	1224704	1226176
1.78603	1226176	1227648
1.78604	1227648	1229120
1.78605	1229120	1230592
1.78607	1230592	1232064
1.78608	1232064	1233536
1.78609	1233536	1235008
1.7861	1235008	1236480
1.78611	1236480	1237952
1.78612	1237952	1239424
1.78614	1239424	1240896
1.78615	1240896	1242368
1.78616	1242368	1243840
1.78617	1243840	1245312
1.78618	1245312	1246784
1.7862	1246784	1248256
1.78621	1248256	1249728
1.78622	1249728	1251200
1.78623	1251200	1252672
1.78624	1252672	1254144
1.78625	1254144	1255616
1.78627	1255616	1257088
1.78628	1257088	1258560
1.78629	1258560	1260032
1.7863	1260032	1261504
1.78631	1261504	1262976
1.78633	1262976	1264448
1.78634	1264448	1265920
1.78635	1265920	1267392
1.78636	1267392	1268864
1.78637	1268864	1270336
1.78638	1270336	1271808
1.7864	1271808	1273280
1.78641	1273280	1274752
1.78642	1274752	1276224
1.78643	1276224	1277696
1.78644	1277696	1279168
1.78646	1279168	1280640
1.78647	1280640	1282112
1.78648	1282112	1283584
1.78649	1283584	1285056
1.79152	1285056	1286528
1.79154	1286528	1288000
1.79155	1288000	1289472
1.79156	1289472	1290944
1.79157	1290944	1292416
1.79158	1292416	1293888
1.7916	1293888	1295360
1.80117	1295360	1296832
1.80118	1296832	1298304
1.80119	1298304	1299776
1.80121	1299776	1301248
1.80122	1301248	1302720
1.80123	1302720	1304192
1.80124	1304192	1305664
1.80125	1305664	1307136
1.80126	1307136	1308608
1.80128	1308608	1310080
1.80129	1310080	1311552
1.8013	1311552	1313024
1.80131	1313024	1314496
1.85498	1314496	1315968
1.85499	1315968	1317440
1.855	1317440	1318912
1.85502	1318912	1320384
1.85503	1320384	1321856
1.85504	1321856	1323328
1.85505	1323328	1324800
1.85506	1324800	1326272
1.85508	1326272	1327744
1.85509	1327744	1329216
1.8551	1329216	1330688
1.85511	1330688	1332160
1.85512	1332160	1333632
1.85513	1333632	1335104
1.85515	1335104	1336576
1.85516	1336576	1338048
1.85517	1338048	1339520
1.85518	1339520	1340992
1.85519	1340992	1342464
1.85521	1342464	1343936
1.85522	1343936	1345408
1.85523	1345408	1346880
1.85524	1346880	1348352
1.85525	1348352	1349824
1.85526	1349824	1351296
1.85528	1351296	1352768
1.85529	1352768	1354240
1.8553	1354240	1355712
1.85531	1355712	1357184
1.85532	1357184	1358656
1.85534	1358656	1360128
1.85535	1360128	1361600
1.85536	1361600	1363072
1.85537	1363072	1364544
1.85538	1364544	1366016
1.85539	1366016	1367488
1.85541	1367488	1368960
1.85542	1368960	1370432
1.85543	1370432	1371904
1.85544	1371904	1373376
1.85545	1373376	1374848
1.85547	1374848	1376320
1.85548	1376320	1377792
1.85549	1377792	1379264
1.90451	1379264	1380736
1.90453	1380736	1382208
1.90454	1382208	1383680
1.90455	1383680	1385152
1.90456	1385152	1386624
1.90457	1386624	1388096
1.90459	1388096	1389568
1.9046	1389568	1391040
1.90461	1391040	1392512
1.90462	1392512	1393984
1.90463	1393984	1395456
1.90464	1395456	1396928
1.90466	1396928	1398400
1.90467	1398400	1399872
1.90468	1399872	1401344
1.90469	1401344	1402816
1.9047	1402816	1404288
1.90472	1404288	1405760
1.90473	1405760	1407232
1.90474	1407232	1408704
1.90475	1408704	1410176
1.90476	1410176	1411648
1.90477	1411648	1413120
1.90479	1413120	1414592
1.9048	1414592	1416064
1.90481	1416064	1417536
1.90482	1417536	1419008
1.90483	1419008	1420480
1.90485	1420480	1421952
1.90486	1421952	1423424
1.90487	1423424	1424896
1.90488	1424896	1426368
1.90489	1426368	1427840
1.9049	1427840	1429312
1.90492	1429312	1430784
1.90493	1430784	1432256
1.90494	1432256	1433728
1.90495	1433728	1435200
1.90496	1435200	1436672
1.90498	1436672	1438144
1.90499	1438144	1439616
1.905	1439616	1441088
1.90501	1441088	1442560
1.90502	1442560	1444032
1.9581	1444032	1445504
1.95811	1445504	1446976
1.95812	1446976	1448448
1.95814	1448448	1449920
1.95815	1449920	1451392
1.95816	1451392	1452864
1.95817	1452864	1454336
1.95818	1454336	1455808
1.95819	1455808	1457280
1.95821	1457280	1458752
1.95822	1458752	1460224
1.95823	1460224	1461696
1.95824	1461696	1463168
1.95825	1463168	1464640
1.95827	1464640	1466112
1.95828	1466112	1467584
1.95829	1467584	1469056
1.9583	1469056	1470528
1.95831	1470528	1472000
1.95832	1472000	1473472
1.95834	1473472	1474944
1.95835	1474944	1476416
1.95836	1476416	1477888
1.95837	1477888	1479360
1.95838	1479360	1480832
1.9584	1480832	1482304
1.95841	1482304	1483776
1.95842	1483776	1485248
1.95843	1485248	1486720
1.95844	1486720	1488192
1.95845	1488192	1489664
1.95847	1489664	1491136
1.95848	1491136	1492608
1.95849	1492608	1494080
1.9585	1494080	1495552
1.95851	1495552	1497024
1.95853	1497024	1498496
1.95854	1498496	1499968
1.95855	1499968	1501440
1.95856	1501440	1502912
1.95857	1502912	1504384
1.95858	1504384	1505856
1.9586	1505856	1507328
1.95861	1507328	1508800
2.0232	1508800	1510272
2.02321	1510272	1511744
2.02323	1511744	1513216
2.02324	1513216	1514688
2.02325	1514688	1516160
2.02326	1516160	1517632
2.02327	1517632	1519104
2.02329	1519104	1520576
2.0233	1520576	1522048
2.02331	1522048	1523520
2.02332	1523520	1524992
2.02333	1524992	1526464
2.02334	1526464	1527936
2.02336	1527936	1529408
2.02337	1529408	1530880
2.02338	1530880	1532352
2.02339	1532352	1533824
2.0234	1533824	1535296
2.02342	1535296	1536768
2.02343	1536768	1538240
2.02344	1538240	1539712
2.02345	1539712	1541184
2.02346	1541184	1542656
2.02347	1542656	1544128
2.02349	1544128	1545600
2.0235	1545600	1547072
2.02351	1547072	1548544
2.02352	1548544	1550016
2.02353	1550016	1551488
2.02355	1551488	1552960
2.02356	1552960	1554432
2.02357	1554432	1555904
2.02358	1555904	1557376
2.02359	1557376	1558848
2.0236	1558848	1560320
2.02362	1560320	1561792
2.02363	1561792	1563264
2.02364	1563264	1564736
2.02365	1564736	1566208
2.02366	1566208	1567680
2.02368	1567680	1569152
2.02369	1569152	1570624
2.0237	1570624	1572096
2.02371	1572096	1573568
2.0253	1573568	1575040
2.02531	1575040	1576512
2.03432	1576512	1577984
2.03433	1577984	1579456
2.03434	1579456	1580928
2.03436	1580928	1582400
2.03437	1582400	1583872
2.03438	1583872	1585344
2.03439	1585344	1586816
2.0344	1586816	1588288
2.03441	1588288	1589760
2.03443	1589760	1591232
2.03444	1591232	1592704
2.03445	1592704	1594176
2.03446	1594176	1595648
2.03448	1595648	1597120
2.0897	1597120	1598592
2.08971	1598592	1600064
2.08972	1600064	1601536
2.08973	1601536	1603008
2.08974	1603008	1604480
2.08976	1604480	1605952
2.08977	1605952	1607424
2.08978	1607424	1608896
2.08979	1608896	1610368
2.0898	1610368	1611840
2.08982	1611840	1613312
2.08983	1613312	1614784
2.08984	1614784	1616256
2.08985	1616256	1617728
2.08986	1617728	1619200
2.08987	1619200	1620672
2.08989	1620672	1622144
2.0899	1622144	1623616
2.08991	1623616	1625088
2.08992	1625088	1626560
2.08993	1626560	1628032
2.08995	1628032	1629504
2.08996	1629504	1630976
2.08997	1630976	1632448
2.08998	1632448	1633920
2.08999	1633920	1635392
2.09	1635392	1636864
2.09002	1636864	1638336
2.09003	1638336	1639808
2.09004	1639808	1641280
2.09005	1641280	1642752
2.09006	1642752	1644224
2.09008	1644224	1645696
2.09009	1645696	1647168
2.0901	1647168	1648640
2.09011	1648640	1650112
2.09012	1650112	1651584
2.09013	1651584	1653056
2.09015	1653056	1654528
2.09016	1654528	1656000
2.09017	1656000	1657472
2.09018	1657472	1658944
2.09019	1658944	1660416
2.0902	1660416	1661888
2.09556	1661888	1663360
2.09557	1663360	1664832
2.11128	1664832	1666304
2.11129	1666304	1667776
2.1113	1667776	1669248
2.11131	1669248	1670720
2.11132	1670720	1672192
2.11133	1672192	1673664
2.11135	1673664	1675136
2.11136	1675136	1676608
2.11137	1676608	1678080
2.11138	1678080	1679552
2.11139	1679552	1681024
2.11141	1681024	1682496
2.11142	1682496	1683968
2.11143	1683968	1685440
2.11144	1685440	1686912
2.11145	1686912	1688384
2.11146	1688384	1689856
2.11148	1689856	1691328
2.11149	1691328	1692800
2.1115	1692800	1694272
2.11151	1694272	1695744
2.11152	1695744	1697216
2.11154	1697216	1698688
2.11155	1698688	1700160
2.11156	1700160	1701632
2.16806	1701632	1703104
2.16807	1703104	1704576
2.16808	1704576	1706048
2.1681	1706048	1707520
2.16811	1707520	1708992
2.16812	1708992	1710464
2.16813	1710464	1711936
2.16814	1711936	1713408
2.16815	1713408	1714880
2.16817	1714880	1716352
2.16818	1716352	1717824
2.16819	1717824	1719296
2.1682	1719296	1720768
2.16821	1720768	1722240
2.16823	1722240	1723712
2.16824	1723712	1725184
2.16825	1725184	1726656
2.16826	1726656	1728128
2.16827	1728128	1729600
2.16828	1729600	1731072
2.1683	1731072	1732544
2.16831	1732544	1734016
2.16832	1734016	1735488
2.16833	1735488	1736960
2.16834	1736960	1738432
2.16836	1738432	1739904
2.16837	1739904	1741376
2.16838	1741376	1742848
2.16839	1742848	1744320
2.1684	1744320	1745792
2.16841	1745792	1747264
2.16843	1747264	1748736
2.16844	1748736	1750208
2.16845	1750208	1751680
2.16846	1751680	1753152
2.16847	1753152	1754624
2.16849	1754624	1756096
2.1685	1756096	1757568
2.16851	1757568	1759040
2.16852	1759040	1760512
2.16853	1760512	1761984
2.16854	1761984	1763456
2.16856	1763456	1764928
2.21212	1764928	1766400
2.21213	1766400	1767872
2.21215	1767872	1769344
2.21216	1769344	1770816
2.21217	1770816	1772288
2.21218	1772288	1773760
2.21219	1773760	1775232
2.2122	1775232	1776704
2.21222	1776704	1778176
2.21223	1778176	1779648
2.21224	1779648	1781120
2.21225	1781120	1782592
2.21226	1782592	1784064
2.21228	1784064	1785536
2.21229	1785536	1787008
2.2123	1787008	1788480
2.21231	1788480	1789952
2.21232	1789952	1791424
2.21233	1791424	1792896
2.21235	1792896	1794368
2.21236	1794368	1795840
2.21237	1795840	1797312
2.21238	1797312	1798784
2.21239	1798784	1800256
2.21241	1800256	1801728
2.21242	1801728	1803200
2.21243	1803200	1804672
2.21244	1804672	1806144
2.21245	1806144	1807616
2.21246	1807616	1809088
2.21248	1809088	1810560
2.21249	1810560	1812032
2.2125	1812032	1813504
2.21251	1813504	1814976
2.21252	1814976	1816448
2.21254	1816448	1817920
2.21255	1817920	1819392
2.21256	1819392	1820864
2.21257	1820864	1822336
2.21258	1822336	1823808
2.21259	1823808	1825280
2.21261	1825280	1826752
2.21262	1826752	1828224
2.21263	1828224	1829696
2.22988	1829696	1831168
2.2299	1831168	1832640
2.24207	1832640	1834112
2.24208	1834112	1835584
2.24209	1835584	1837056
2.2421	1837056	1838528
2.24212	1838528	1840000
2.24213	1840000	1841472
2.24214	1841472	1842944
2.24215	1842944	1844416
2.24216	1844416	1845888
2.24217	1845888	1847360
2.24219	1847360	1848832
2.2422	1848832	1850304
2.24221	1850304	1851776
2.24222	1851776	1853248
2.28642	1853248	1854720
2.28643	1854720	1856192
2.28644	1856192	1857664
2.28645	1857664	1859136
2.28647	1859136	1860608
2.28648	1860608	1862080
2.28649	1862080	1863552
2.2865	1863552	1865024
2.28651	1865024	1866496
2.28653	1866496	1867968
2.28654	1867968	1869440
2.28655	1869440	1870912
2.28656	1870912	1872384
2.28657	1872384	1873856
2.28658	1873856	1875328
2.2866	1875328	1876800
2.28661	1876800	1878272
2.28662	1878272	1879744
2.28663	1879744	1881216
2.28664	1881216	1882688
2.28666	1882688	1884160
2.28667	1884160	1885632
2.28668	1885632	1887104
2.28669	1887104	1888576
2.2867	1888576	1890048
2.28671	1890048	1891520
2.28673	1891520	1892992
2.28674	1892992	1894464
2.28675	1894464	1895936
2.28676	1895936	1897408
2.28677	1897408	1898880
2.28679	1898880	1900352
2.2868	1900352	1901824
2.28681	1901824	1903296
2.28682	1903296	1904768
2.28683	1904768	1906240
2.28684	1906240	1907712
2.28686	1907712	1909184
2.28687	1909184	1910656
2.28688	1910656	1912128
2.28689	1912128	1913600
2.2869	1913600	1915072
2.28692	1915072	1916544
2.28693	1916544	1918016
2.29006	1918016	1919488
2.29007	1919488	1920960
2.29008	1920960	1922432
2.29009	1922432	1923904
2.29011	1923904	1925376
2.31225	1925376	1926848
2.31226	1926848	1928320
2.31227	1928320	1929792
2.31229	1929792	1931264
2.3123	1931264	1932736
2.31231	1932736	1934208
2.31232	1934208	1935680
2.31233	1935680	1937152
2.31235	1937152	1938624
2.31236	1938624	1940096
2.31237	1940096	1941568
2.31238	1941568	1943040
2.31239	1943040	1944512
2.31241	1944512	1945984
2.34081	1945984	1947456
2.34083	1947456	1948928
2.34084	1948928	1950400
2.34085	1950400	1951872
2.34086	1951872	1953344
2.34087	1953344	1954816
2.34088	1954816	1956288
2.3409	1956288	1957760
2.34091	1957760	1959232
2.34092	1959232	1960704
2.34093	1960704	1962176
2.34094	1962176	1963648
2.34096	1963648	1965120
2.34097	1965120	1966592
2.34098	1966592	1968064
2.34099	1968064	1969536
2.341	1969536	1971008
2.34101	1971008	1972480
2.34103	1972480	1973952
2.34104	1973952	1975424
2.34105	1975424	1976896
2.34106	1976896	1978368
2.34107	1978368	1979840
2.34109	1979840	1981312
2.3411	1981312	1982784
2.34111	1982784	1984256
2.34112	1984256	1985728
2.34113	1985728	1987200
2.34114	1987200	1988672
2.34116	1988672	1990144
2.34117	1990144	1991616
2.34118	1991616	1993088
2.34119	1993088	1994560
2.3412	1994560	1996032
2.34122	1996032	1997504
2.34123	1997504	1998976
2.34124	1998976	2000448
2.34125	2000448	2001920
2.34126	2001920	2003392
2.34127	2003392	2004864
2.34129	2004864	2006336
2.3413	2006336	2007808
2.34131	2007808	2009280
2.34132	2009280	2010752
2.38443	2010752	2012224
2.38444	2012224	2013696
2.38445	2013696	2015168
2.38447	2015168	2016640
2.38448	2016640	2018112
2.38449	2018112	2019584
2.3845	2019584	2021056
2.38451	2021056	2022528
2.38453	2022528	2024000
2.38454	2024000	2025472
2.38455	2025472	2026944
2.38456	2026944	2028416
2.38457	2028416	2029888
2.38458	2029888	2031360
2.3846	2031360	2032832
2.38461	2032832	2034304
2.38462	2034304	2035776
2.38463	2035776	2037248
2.38464	2037248	2038720
2.38466	2038720	2040192
2.38467	2040192	2041664
2.38468	2041664	2043136
2.38469	2043136	2044608
2.3847	2044608	2046080
2.38471	2046080	2047552
2.38473	2047552	2049024
2.38474	2049024	2050496
2.38475	2050496	2051968
2.38476	2051968	2053440
2.38477	2053440	2054912
2.38479	2054912	2056384
2.3848	2056384	2057856
2.38481	2057856	2059328
2.38482	2059328	2060800
2.38483	2060800	2062272
2.38484	2062272	2063744
2.38486	2063744	2065216
2.38487	2065216	2066688
2.38488	2066688	2068160
2.38489	2068160	2069632
2.3849	2069632	2071104
2.38492	2071104	2072576
2.38493	2072576	2074048
2.38494	2074048	2075520
2.38633	2075520	2076992
2.38911	2076992	2078464
2.38912	2078464	2079936
2.38913	2079936	2081408
2.38914	2081408	2082880
2.38915	2082880	2084352
2.40199	2084352	2085824
2.402	2085824	2087296
2.40201	2087296	2088768
2.40202	2088768	2090240
2.40204	2090240	2091712
2.40205	2091712	2093184
2.40206	2093184	2094656
2.40207	2094656	2096128
2.40208	2096128	2097600
2.4021	2097600	2099072
2.43052	2099072	2100544
2.43053	2100544	2102016
2.43054	2102016	2103488
2.43055	2103488	2104960
2.43057	2104960	2106432
2.43058	2106432	2107904
2.43059	2107904	2109376
2.4306	2109376	2110848
2.43061	2110848	2112320
2.43062	2112320	2113792
2.43064	2113792	2115264
2.43065	2115264	2116736
2.43066	2116736	2118208
2.43067	2118208	2119680
2.43068	2119680	2121152
2.4307	2121152	2122624
2.43071	2122624	2124096
2.43072	2124096	2125568
2.43073	2125568	2127040
2.43074	2127040	2128512
2.43075	2128512	2129984
2.43077	2129984	2131456
2.43078	2131456	2132928
2.43079	2132928	2134400
2.4308	2134400	2135872
2.43081	2135872	2137344
2.43083	2137344	2138816
2.43084	2138816	2140288
2.43085	2140288	2141760
2.43086	2141760	2143232
2.43087	2143232	2144704
2.43088	2144704	2146176
2.4309	2146176	2147648
2.43091	2147648	2149120
2.43092	2149120	2150592
2.43093	2150592	2152064
2.43094	2152064	2153536
2.43096	2153536	2155008
2.43097	2155008	2156480
2.43098	2156480	2157952
2.43099	2157952	2159424
2.43101	2159424	2160896
2.47302	2160896	2162368
2.47303	2162368	2163840
2.47304	2163840	2165312
2.47305	2165312	2166784
2.47306	2166784	2168256
2.47307	2168256	2169728
2.47309	2169728	2171200
2.4731	2171200	2172672
2.47311	2172672	2174144
2.47312	2174144	2175616
2.47313	2175616	2177088
2.47315	2177088	2178560
2.47316	2178560	2180032
2.47317	2180032	2181504
2.47318	2181504	2182976
2.47319	2182976	2184448
2.4732	2184448	2185920
2.47322	2185920	2187392
2.47323	2187392	2188864
2.47324	2188864	2190336
2.47325	2190336	2191808
2.47326	2191808	2193280
2.47328	2193280	2194752
2.47329	2194752	2196224
2.4733	2196224	2197696
2.47331	2197696	2199168
2.47332	2199168	2200640
2.47333	2200640	2202112
2.47335	2202112	2203584
2.47336	2203584	2205056
2.47337	2205056	2206528
2.47338	2206528	2208000
2.47339	2208000	2209472
2.47341	2209472	2210944
2.47342	2210944	2212416
2.47343	2212416	2213888
2.47344	2213888	2215360
2.47345	2215360	2216832
2.47346	2216832	2218304
2.47348	2218304	2219776
2.47349	2219776	2221248
2.4735	2221248	2222720
2.47351	2222720	2224192
2.47352	2224192	2225664
2.48024	2225664	2227136
2.48026	2227136	2228608
2.48027	2228608	2230080
2.48028	2230080	2231552
2.48029	2231552	2233024
2.4803	2233024	2234496
2.48032	2234496	2235968
2.48033	2235968	2237440
2.48034	2237440	2238912
2.53334	2238912	2240384
2.53335	2240384	2241856
2.53336	2241856	2243328
2.53338	2243328	2244800
2.53339	2244800	2246272
2.5334	2246272	2247744
2.53341	2247744	2249216
2.53342	2249216	2250688
2.53343	2250688	2252160
2.53345	2252160	2253632
2.53346	2253632	2255104
2.53347	2255104	2256576
2.53348	2256576	2258048
2.53349	2258048	2259520
2.53351	2259520	2260992
2.53352	2260992	2262464
2.53353	2262464	2263936
2.53354	2263936	2265408
2.53355	2265408	2266880
2.53356	2266880	2268352
2.53358	2268352	2269824
2.53359	2269824	2271296
2.5336	2271296	2272768
2.53361	2272768	2274240
2.53362	2274240	2275712
2.53364	2275712	2277184
2.53365	2277184	2278656
2.53366	2278656	2280128
2.53367	2280128	2281600
2.53368	2281600	2283072
2.53369	2283072	2284544
2.53371	2284544	2286016
2.53372	2286016	2287488
2.53373	2287488	2288960
2.53374	2288960	2290432
2.53375	2290432	2291904
2.53377	2291904	2293376
2.53378	2293376	2294848
2.53379	2294848	2296320
2.5338	2296320	2297792
2.53381	2297792	2299264
2.53382	2299264	2300736
2.53384	2300736	2302208
2.53385	2302208	2303680
2.55587	2303680	2305152
2.55588	2305152	2306624
2.59069	2306624	2308096
2.5907	2308096	2309568
2.59071	2309568	2311040
2.59073	2311040	2312512
2.59074	2312512	2313984
2.59075	2313984	2315456
2.59076	2315456	2316928
2.59077	2316928	2318400
2.59079	2318400	2319872
2.5908	2319872	2321344
2.59081	2321344	2322816
2.59082	2322816	2324288
2.59083	2324288	2325760
2.59084	2325760	2327232
2.59086	2327232	2328704
2.59087	2328704	2330176
2.59088	2330176	2331648
2.59089	2331648	2333120
2.5909	2333120	2334592
2.59092	2334592	2336064
2.59093	2336064	2337536
2.59094	2337536	2339008
2.59095	2339008	2340480
2.59096	2340480	2341952
2.59097	2341952	2343424
2.59099	2343424	2344896
2.591	2344896	2346368
2.59101	2346368	2347840
2.59102	2347840	2349312
2.59103	2349312	2350784
2.59105	2350784	2352256
2.59106	2352256	2353728
2.59107	2353728	2355200
2.59108	2355200	2356672
2.59109	2356672	2358144
2.5911	2358144	2359616
2.59112	2359616	2361088
2.59113	2361088	2362560
2.59114	2362560	2364032
2.59115	2364032	2365504
2.59116	2365504	2366976
2.59118	2366976	2368448
2.59119	2368448	2369920
2.5912	2369920	2371392
2.59863	2371392	2372864
2.59864	2372864	2374336
2.59865	2374336	2375808
2.59866	2375808	2377280
2.59867	2377280	2378752
2.59869	2378752	2380224
2.5987	2380224	2381696
2.59871	2381696	2383168
2.59872	2383168	2384640
2.59873	2384640	2386112
2.59875	2386112	2387584
2.59876	2387584	2389056
2.59877	2389056	2390528
2.59878	2390528	2392000
2.6272	2392000	2393472
2.62722	2393472	2394944
2.62723	2394944	2396416
2.62724	2396416	2397888
2.62725	2397888	2399360
2.62726	2399360	2400832
2.62728	2400832	2402304
2.62729	2402304	2403776
2.6273	2403776	2405248
2.62731	2405248	2406720
2.62732	2406720	2408192
2.62733	2408192	2409664
2.62735	2409664	2411136
2.62736	2411136	2412608
2.62737	2412608	2414080
2.62738	2414080	2415552
2.62739	2415552	2417024
2.62741	2417024	2418496
2.62742	2418496	2419968
2.62743	2419968	2421440
2.62744	2421440	2422912
2.62745	2422912	2424384
2.62746	2424384	2425856
2.62748	2425856	2427328
2.62749	2427328	2428800
2.6275	2428800	2430272
2.62751	2430272	2431744
2.62752	2431744	2433216
2.62754	2433216	2434688
2.62755	2434688	2436160
2.62756	2436160	2437632
2.62757	2437632	2439104
2.62758	2439104	2440576
2.62759	2440576	2442048
2.62761	2442048	2443520
2.62762	2443520	2444992
2.62763	2444992	2446464
2.62764	2446464	2447936
2.62765	2447936	2449408
2.62767	2449408	2450880
2.62768	2450880	2452352
2.67034	2452352	2453824
2.67035	2453824	2455296
2.67036	2455296	2456768
2.67037	2456768	2458240
2.67038	2458240	2459712
2.6704	2459712	2461184
2.67041	2461184	2462656
2.67042	2462656	2464128
2.67043	2464128	2465600
2.67044	2465600	2467072
2.67045	2467072	2468544
2.67047	2468544	2470016
2.67048	2470016	2471488
2.67049	2471488	2472960
2.6705	2472960	2474432
2.67051	2474432	2475904
2.67053	2475904	2477376
2.67054	2477376	2478848
2.67055	2478848	2480320
2.67056	2480320	2481792
2.67057	2481792	2483264
2.67058	2483264	2484736
2.6706	2484736	2486208
2.67061	2486208	2487680
2.67062	2487680	2489152
2.67063	2489152	2490624
2.67064	2490624	2492096
2.67066	2492096	2493568
2.67067	2493568	2495040
2.67068	2495040	2496512
2.67069	2496512	2497984
2.6707	2497984	2499456
2.67071	2499456	2500928
2.67073	2500928	2502400
2.67074	2502400	2503872
2.67075	2503872	2505344
2.67076	2505344	2506816
2.67077	2506816	2508288
2.67079	2508288	2509760
2.6708	2509760	2511232
2.67081	2511232	2512704
2.67082	2512704	2514176
2.67083	2514176	2515648
2.67084	2515648	2517120
2.67471	2517120	2518592
2.72965	2518592	2520064
2.72966	2520064	2521536
2.72967	2521536	2523008
2.72968	2523008	2524480
2.72969	2524480	2525952
2.7297	2525952	2527424
2.72972	2527424	2528896
2.72973	2528896	2530368
2.72974	2530368	2531840
2.72975	2531840	2533312
2.72976	2533312	2534784
2.72978	2534784	2536256
2.72979	2536256	2537728
2.7298	2537728	2539200
2.72981	2539200	2540672
2.72982	2540672	2542144
2.72983	2542144	2543616
2.72985	2543616	2545088
2.72986	2545088	2546560
2.72987	2546560	2548032
2.72988	2548032	2549504
2.72989	2549504	2550976
2.72991	2550976	2552448
2.72992	2552448	2553920
2.72993	2553920	2555392
2.72994	2555392	2556864
2.72995	2556864	2558336
2.72996	2558336	2559808
2.72998	2559808	2561280
2.72999	2561280	2562752
2.73	2562752	2564224
2.73001	2564224	2565696
2.73002	2565696	2567168
2.73004	2567168	2568640
2.73005	2568640	2570112
2.73006	2570112	2571584
2.73007	2571584	2573056
2.73008	2573056	2574528
2.73009	2574528	2576000
2.73011	2576000	2577472
2.73012	2577472	2578944
2.73013	2578944	2580416
2.73014	2580416	2581888
2.73015	2581888	2583360
2.77893	2583360	2584832
2.77894	2584832	2586304
2.77895	2586304	2587776
2.77896	2587776	2589248
2.77897	2589248	2590720
2.77899	2590720	2592192
2.779	2592192	2593664
2.77901	2593664	2595136
2.77902	2595136	2596608
2.77903	2596608	2598080
2.77904	2598080	2599552
2.77906	2599552	2601024
2.77907	2601024	2602496
2.77908	2602496	2603968
2.77909	2603968	2605440
2.7791	2605440	2606912
2.77912	2606912	2608384
2.77913	2608384	2609856
2.77914	2609856	2611328
2.77915	2611328	2612800
2.77916	2612800	2614272
2.77917	2614272	2615744
2.77919	2615744	2617216
2.7792	2617216	2618688
2.77921	2618688	2620160
2.77922	2620160	2621632
2.77923	2621632	2623104
2.77925	2623104	2624576
2.77926	2624576	2626048
2.77927	2626048	2627520
2.77928	2627520	2628992
2.77929	2628992	2630464
2.7793	2630464	2631936
2.77932	2631936	2633408
2.77933	2633408	2634880
2.77934	2634880	2636352
2.77935	2636352	2637824
2.77936	2637824	2639296
2.77938	2639296	2640768
2.77939	2640768	2642240
2.7794	2642240	2643712
2.77941	2643712	2645184
2.77942	2645184	2646656
2.77943	2646656	2648128
2.78531	2648128	2649600
2.78533	2649600	2651072
2.78534	2651072	2652544
2.78535	2652544	2654016
2.84027	2654016	2655488
2.84028	2655488	2656960
2.8403	2656960	2658432
2.84031	2658432	2659904
2.84032	2659904	2661376
2.84033	2661376	2662848
2.84034	2662848	2664320
2.84035	2664320	2665792
2.84037	2665792	2667264
2.84038	2667264	2668736
2.84039	2668736	2670208
2.8404	2670208	2671680
2.84041	2671680	2673152
2.84042	2673152	2674624
2.84044	2674624	2676096
2.84045	2676096	2677568
2.84046	2677568	2679040
2.84047	2679040	2680512
2.84048	2680512	2681984
2.8405	2681984	2683456
2.84051	2683456	2684928
2.84052	2684928	2686400
2.84053	2686400	2687872
2.84054	2687872	2689344
2.84055	2689344	2690816
2.84057	2690816	2692288
2.84058	2692288	2693760
2.84059	2693760	2695232
2.8406	2695232	2696704
2.84061	2696704	2698176
2.84063	2698176	2699648
2.84064	2699648	2701120
2.84065	2701120	2702592
2.84066	2702592	2704064
2.84067	2704064	2705536
2.84068	2705536	2707008
2.8407	2707008	2708480
2.84071	2708480	2709952
2.84072	2709952	2711424
2.84073	2711424	2712896
2.84074	2712896	2714368
2.84076	2714368	2715840
2.84077	2715840	2717312
2.84078	2717312	2718784
2.84465	2718784	2720256
2.84466	2720256	2721728
2.87928	2721728	2723200
2.87929	2723200	2724672
2.8793	2724672	2726144
2.87931	2726144	2727616
2.87933	2727616	2729088
2.87934	2729088	2730560
2.87935	2730560	2732032
2.87936	2732032	2733504
2.87937	2733504	2734976
2.87939	2734976	2736448
2.8794	2736448	2737920
2.87941	2737920	2739392
2.87942	2739392	2740864
2.87943	2740864	2742336
2.87944	2742336	2743808
2.87946	2743808	2745280
2.87947	2745280	2746752
2.87948	2746752	2748224
2.87949	2748224	2749696
2.8795	2749696	2751168
2.87952	2751168	2752640
2.87953	2752640	2754112
2.87954	2754112	2755584
2.87955	2755584	2757056
2.87956	2757056	2758528
2.87957	2758528	2760000
2.87959	2760000	2761472
2.8796	2761472	2762944
2.87961	2762944	2764416
2.87962	2764416	2765888
2.87963	2765888	2767360
2.87965	2767360	2768832
2.87966	2768832	2770304
2.87967	2770304	2771776
2.87968	2771776	2773248
2.87969	2773248	2774720
2.8797	2774720	2776192
2.87972	2776192	2777664
2.89931	2777664	2779136
2.89932	2779136	2780608
2.89933	2780608	2782080
2.89934	2782080	2783552
2.89936	2783552	2785024
2.89937	2785024	2786496
2.89938	2786496	2787968
2.89939	2787968	2789440
2.8994	2789440	2790912
2.89941	2790912	2792384
2.89943	2792384	2793856
2.89944	2793856	2795328
2.89945	2795328	2796800
2.89946	2796800	2798272
2.89947	2798272	2799744
2.89949	2799744	2801216
2.8995	2801216	2802688
2.89951	2802688	2804160
2.89952	2804160	2805632
2.89954	2805632	2807104
2.91823	2807104	2808576
2.91824	2808576	2810048
2.91825	2810048	2811520
2.91826	2811520	2812992
2.91827	2812992	2814464
2.91829	2814464	2815936
2.9183	2815936	2817408
2.91831	2817408	2818880
2.91832	2818880	2820352
2.91833	2820352	2821824
2.91835	2821824	2823296
2.91836	2823296	2824768
2.91837	2824768	2826240
2.91838	2826240	2827712
2.91839	2827712	2829184
2.9184	2829184	2830656
2.91842	2830656	2832128
2.91843	2832128	2833600
2.91844	2833600	2835072
2.91845	2835072	2836544
2.91846	2836544	2838016
2.91848	2838016	2839488
2.91849	2839488	2840960
2.9185	2840960	2842432
2.91851	2842432	2843904
2.91852	2843904	2845376
2.91853	2845376	2846848
2.91855	2846848	2848320
2.91856	2848320	2849792
2.91857	2849792	2851264
2.91858	2851264	2852736
2.91859	2852736	2854208
2.91861	2854208	2855680
2.91862	2855680	2857152
2.91863	2857152	2858624
2.91864	2858624	2860096
2.91865	2860096	2861568
2.91866	2861568	2863040
2.91868	2863040	2864512
2.91869	2864512	2865984
2.9187	2865984	2867456
2.91872	2867456	2868928
2.95057	2868928	2870400
2.95058	2870400	2871872
2.9506	2871872	2873344
2.95061	2873344	2874816
2.95062	2874816	2876288
2.95063	2876288	2877760
2.95064	2877760	2879232
2.95066	2879232	2880704
2.95067	2880704	2882176
2.95068	2882176	2883648
2.95069	2883648	2885120
2.9507	2885120	2886592
2.95071	2886592	2888064
2.95073	2888064	2889536
2.95074	2889536	2891008
2.95075	2891008	2892480
2.95076	2892480	2893952
2.95077	2893952	2895424
2.95079	2895424	2896896
2.9508	2896896	2898368
2.95081	2898368	2899840
2.95082	2899840	2901312
2.95083	2901312	2902784
2.95084	2902784	2904256
2.95086	2904256	2905728
2.95087	2905728	2907200
2.95088	2907200	2908672
2.95089	2908672	2910144
2.9509	2910144	2911616
2.95092	2911616	2913088
2.95093	2913088	2914560
2.95094	2914560	2916032
2.95095	2916032	2917504
2.95096	2917504	2918976
2.95097	2918976	2920448
2.95099	2920448	2921920
2.951	2921920	2923392
2.95101	2923392	2924864
2.95102	2924864	2926336
2.95103	2926336	2927808
2.95105	2927808	2929280
2.95106	2929280	2930752
2.95107	2930752	2932224
2.95108	2932224	2933696
3.00847	2933696	2935168
3.00848	2935168	2936640
3.0085	2936640	2938112
3.00851	2938112	2939584
3.00852	2939584	2941056
3.00853	2941056	2942528
3.00854	2942528	2944000
3.00855	2944000	2945472
3.00857	2945472	2946944
3.00858	2946944	2948416
3.00859	2948416	2949888
3.0086	2949888	2951360
3.00861	2951360	2952832
3.00863	2952832	2954304
3.00864	2954304	2955776
3.00865	2955776	2957248
3.00866	2957248	2958720
3.00867	2958720	2960192
3.00868	2960192	2961664
3.0087	2961664	2963136
3.00871	2963136	2964608
3.00872	2964608	2966080
3.00873	2966080	2967552
3.00874	2967552	2969024
3.00875	2969024	2970496
3.00877	2970496	2971968
3.00878	2971968	2973440
3.00879	2973440	2974912
3.0088	2974912	2976384
3.00881	2976384	2977856
3.00883	2977856	2979328
3.06457	2979328	2980800
3.06457	2980800	2982272
3.06457	2982272	2983744
3.06457	2983744	2985216
3.06457	2985216	2986688
3.06457	2986688	2988160
3.06457	2988160	2989632
3.06457	2989632	2991104
3.06457	2991104	2992576
3.06457	2992576	2994048
3.06457	2994048	2995520
3.06457	2995520	2996992
3.09935	2996992	2998464
3.09936	2998464	2999936
3.09937	2999936	3001408
3.09938	3001408	3002880
3.09939	3002880	3004352
3.09941	3004352	3005824
3.09942	3005824	3007296
3.09943	3007296	3008768
3.09944	3008768	3010240
3.09945	3010240	3011712
3.09947	3011712	3013184
3.09948	3013184	3014656
3.09949	3014656	3016128
3.0995	3016128	3017600
3.09951	3017600	3019072
3.09952	3019072	3020544
3.09954	3020544	3022016
3.09955	3022016	3023488
3.09956	3023488	3024960
3.09957	3024960	3026432
3.09958	3026432	3027904
3.0996	3027904	3029376
3.09961	3029376	3030848
3.09962	3030848	3032320
3.09963	3032320	3033792
3.09964	3033792	3035264
3.09965	3035264	3036736
3.09967	3036736	3038208
3.09968	3038208	3039680
3.09969	3039680	3041152
3.0997	3041152	3042624
3.09971	3042624	3044096
3.09973	3044096	3045568
3.09974	3045568	3047040
3.09975	3047040	3048512
3.09976	3048512	3049984
3.09977	3049984	3051456
3.09978	3051456	3052928
3.0998	3052928	3054400
3.09981	3054400	3055872
3.09982	3055872	3057344
3.09983	3057344	3058816
3.09984	3058816	3060288
3.09986	3060288	3061760
3.11842	3061760	3063232
3.11843	3063232	3064704
3.11845	3064704	3066176
3.11846	3066176	3067648
3.11847	3067648	3069120
3.11848	3069120	3070592
3.11849	3070592	3072064
3.11851	3072064	3073536
3.11852	3073536	3075008
3.11853	3075008	3076480
3.11854	3076480	3077952
3.11855	3077952	3079424
3.11856	3079424	3080896
3.11858	3080896	3082368
3.16875	3082368	3083840
3.16876	3083840	3085312
3.16877	3085312	3086784
3.16878	3086784	3088256
3.1688	3088256	3089728
3.16881	3089728	3091200
3.16882	3091200	3092672
3.16883	3092672	3094144
3.16884	3094144	3095616
3.16885	3095616	3097088
3.16887	3097088	3098560
3.16888	3098560	3100032
3.16889	3100032	3101504
3.1689	3101504	3102976
3.16891	3102976	3104448
3.16893	3104448	3105920
3.16894	3105920	3107392
3.16895	3107392	3108864
3.16896	3108864	3110336
3.16897	3110336	3111808
3.16898	3111808	3113280
3.169	3113280	3114752
3.16901	3114752	3116224
3.16902	3116224	3117696
3.16903	3117696	3119168
3.16904	3119168	3120640
3.16906	3120640	3122112
3.16907	3122112	3123584
3.16908	3123584	3125056
3.16909	3125056	3126528
3.1691	3126528	3128000
3.16911	3128000	3129472
3.16913	3129472	3130944
3.16914	3130944	3132416
3.16915	3132416	3133888
3.16916	3133888	3135360
3.16917	3135360	3136832
3.16919	3136832	3138304
3.1692	3138304	3139776
3.16921	3139776	3141248
3.16922	3141248	3142720
3.16923	3142720	3144192
3.16924	3144192	3145664
3.16926	3145664	3147136
3.17122	3147136	3148608
3.17123	3148608	3150080
3.17124	3150080	3151552
3.22283	3151552	3153024
3.22284	3153024	3154496
3.22285	3154496	3155968
3.22286	3155968	3157440
3.22288	3157440	3158912
3.22289	3158912	3160384
3.2229	3160384	3161856
3.22291	3161856	3163328
3.22292	3163328	3164800
3.22293	3164800	3166272
3.22295	3166272	3167744
3.22296	3167744	3169216
3.22297	3169216	3170688
3.22298	3170688	3172160
3.22299	3172160	3173632
3.22301	3173632	3175104
3.22302	3175104	3176576
3.22303	3176576	3178048
3.22304	3178048	3179520
3.22305	3179520	3180992
3.22306	3180992	3182464
3.22308	3182464	3183936
3.22309	3183936	3185408
3.2231	3185408	3186880
3.22311	3186880	3188352
3.22312	3188352	3189824
3.22314	3189824	3191296
3.22315	3191296	3192768
3.22316	3192768	3194240
3.22317	3194240	3195712
3.22318	3195712	3197184
3.22319	3197184	3198656
3.22321	3198656	3200128
3.22322	3200128	3201600
3.22323	3201600	3203072
3.22324	3203072	3204544
3.22325	3204544	3206016
3.22327	3206016	3207488
3.22328	3207488	3208960
3.22329	3208960	3210432
3.2233	3210432	3211904
3.22331	3211904	3213376
3.22332	3213376	3214848
3.22334	3214848	3216320
3.25023	3216320	3217792
3.25024	3217792	3219264
3.25026	3219264	3220736
3.25027	3220736	3222208
3.25028	3222208	3223680
3.25029	3223680	3225152
3.2503	3225152	3226624
3.25031	3226624	3228096
3.25033	3228096	3229568
3.25034	3229568	3231040
3.25035	3231040	3232512
3.25036	3232512	3233984
3.25037	3233984	3235456
3.25039	3235456	3236928
3.2504	3236928	3238400
3.25041	3238400	3239872
3.25042	3239872	3241344
3.25044	3241344	3242816
3.28335	3242816	3244288
3.28336	3244288	3245760
3.28338	3245760	3247232
3.28339	3247232	3248704
3.2834	3248704	3250176
3.28341	3250176	3251648
3.28342	3251648	3253120
3.28343	3253120	3254592
3.28345	3254592	3256064
3.28346	3256064	3257536
3.28347	3257536	3259008
3.28348	3259008	3260480
3.28349	3260480	3261952
3.28351	3261952	3263424
3.28352	3263424	3264896
3.28353	3264896	3266368
3.28354	3266368	3267840
3.28355	3267840	3269312
3.28356	3269312	3270784
3.28358	3270784	3272256
3.28359	3272256	3273728
3.2836	3273728	3275200
3.28361	3275200	3276672
3.28362	3276672	3278144
3.28364	3278144	3279616
3.28365	3279616	3281088
3.28366	3281088	3282560
3.28367	3282560	3284032
3.28368	3284032	3285504
3.28369	3285504	3286976
3.28371	3286976	3288448
3.28372	3288448	3289920
3.28373	3289920	3291392
3.28374	3291392	3292864
3.28375	3292864	3294336
3.28377	3294336	3295808
3.28378	3295808	3297280
3.28379	3297280	3298752
3.2838	3298752	3300224
3.28381	3300224	3301696
3.28382	3301696	3303168
3.28384	3303168	3304640
3.28385	3304640	3306112
3.28386	3306112	3307584
3.3412	3307584	3309056
3.34121	3309056	3310528
3.34123	3310528	3312000
3.34124	3312000	3313472
3.34125	3313472	3314944
3.34126	3314944	3316416
3.34127	3316416	3317888
3.34129	3317888	3319360
3.3413	3319360	3320832
3.34131	3320832	3322304
3.34132	3322304	3323776
3.34133	3323776	3325248
3.34134	3325248	3326720
3.34136	3326720	3328192
3.34137	3328192	3329664
3.34138	3329664	3331136
3.34139	3331136	3332608
3.3414	3332608	3334080
3.34142	3334080	3335552
3.34143	3335552	3337024
3.34144	3337024	3338496
3.34145	3338496	3339968
3.34146	3339968	3341440
3.34147	3341440	3342912
3.34149	3342912	3344384
3.3415	3344384	3345856
3.34151	3345856	3347328
3.34152	3347328	3348800
3.34153	3348800	3350272
3.34155	3350272	3351744
3.34156	3351744	3353216
3.34157	3353216	3354688
3.34158	3354688	3356160
3.34159	3356160	3357632
3.3416	3357632	3359104
3.34162	3359104	3360576
3.34163	3360576	3362048
3.34164	3362048	3363520
3.34165	3363520	3364992
3.34166	3364992	3366464
3.34168	3366464	3367936
3.34169	3367936	3369408
3.3417	3369408	3370880
3.34171	3370880	3372352
3.38447	3372352	3373824
3.38449	3373824	3375296
3.3845	3375296	3376768
3.38451	3376768	3378240
3.38452	3378240	3379712
3.38453	3379712	3381184
3.38454	3381184	3382656
3.38456	3382656	3384128
3.38457	3384128	3385600
3.38458	3385600	3387072
3.38459	3387072	3388544
3.3846	3388544	3390016
3.38462	3390016	3391488
3.38463	3391488	3392960
3.38464	3392960	3394432
3.38465	3394432	3395904
3.38466	3395904	3397376
3.38467	3397376	3398848
3.38469	3398848	3400320
3.3847	3400320	3401792
3.38471	3401792	3403264
3.38472	3403264	3404736
3.38473	3404736	3406208
3.38475	3406208	3407680
3.38476	3407680	3409152
3.38477	3409152	3410624
3.38478	3410624	3412096
3.38479	3412096	3413568
3.3848	3413568	3415040
3.38482	3415040	3416512
3.38483	3416512	3417984
3.38484	3417984	3419456
3.38485	3419456	3420928
3.38486	3420928	3422400
3.38488	3422400	3423872
3.38489	3423872	3425344
3.3849	3425344	3426816
3.38491	3426816	3428288
3.38492	3428288	3429760
3.38493	3429760	3431232
3.38495	3431232	3432704
3.38496	3432704	3434176
3.38497	3434176	3435648
3.38498	3435648	3437120
3.39281	3437120	3438592
3.39282	3438592	3440064
3.39283	3440064	3441536
3.39284	3441536	3443008
3.39286	3443008	3444480
3.39287	3444480	3445952
3.39288	3445952	3447424
3.39289	3447424	3448896
3.3929	3448896	3450368
3.39292	3450368	3451840
3.39293	3451840	3453312
3.39294	3453312	3454784
3.39295	3454784	3456256
3.43869	3456256	3457728
3.43871	3457728	3459200
3.43872	3459200	3460672
3.43873	3460672	3462144
3.43874	3462144	3463616
3.43875	3463616	3465088
3.43876	3465088	3466560
3.43878	3466560	3468032
3.43879	3468032	3469504
3.4388	3469504	3470976
3.43881	3470976	3472448
3.43882	3472448	3473920
3.43884	3473920	3475392
3.43885	3475392	3476864
3.43886	3476864	3478336
3.43887	3478336	3479808
3.43888	3479808	3481280
3.43889	3481280	3482752
3.43891	3482752	3484224
3.43892	3484224	3485696
3.43893	3485696	3487168
3.43894	3487168	3488640
3.43895	3488640	3490112
3.43897	3490112	3491584
3.43898	3491584	3493056
3.43899	3493056	3494528
3.439	3494528	3496000
3.43901	3496000	3497472
3.43902	3497472	3498944
3.43904	3498944	3500416
3.43905	3500416	3501888
3.43906	3501888	3503360
3.43907	3503360	3504832
3.43908	3504832	3506304
3.4391	3506304	3507776
3.43911	3507776	3509248
3.43912	3509248	3510720
3.43913	3510720	3512192
3.43914	3512192	3513664
3.43915	3513664	3515136
3.43917	3515136	3516608
3.43918	3516608	3518080
3.43919	3518080	3519552
3.4392	3519552	3521024
3.46033	3521024	3522496
3.46034	3522496	3523968
3.46036	3523968	3525440
3.46037	3525440	3526912
3.46038	3526912	3528384
3.46039	3528384	3529856
3.4604	3529856	3531328
3.46042	3531328	3532800
3.46043	3532800	3534272
3.46044	3534272	3535744
3.46045	3535744	3537216
3.46046	3537216	3538688
3.46047	3538688	3540160
3.46049	3540160	3541632
3.4605	3541632	3543104
3.46051	3543104	3544576
3.46052	3544576	3546048
3.46053	3546048	3547520
3.46055	3547520	3548992
3.46056	3548992	3550464
3.46057	3550464	3551936
3.46058	3551936	3553408
3.46059	3553408	3554880
3.4606	3554880	3556352
3.46062	3556352	3557824
3.46063	3557824	3559296
3.46064	3559296	3560768
3.50604	3560768	3562240
3.50606	3562240	3563712
3.50607	3563712	3565184
3.50608	3565184	3566656
3.50609	3566656	3568128
3.5061	3568128	3569600
3.50611	3569600	3571072
3.50613	3571072	3572544
3.50614	3572544	3574016
3.50615	3574016	3575488
3.50616	3575488	3576960
3.50617	3576960	3578432
3.50619	3578432	3579904
3.5062	3579904	3581376
3.50621	3581376	3582848
3.50622	3582848	3584320
3.50623	3584320	3585792
3.50624	3585792	3587264
3.50626	3587264	3588736
3.50627	3588736	3590208
3.50628	3590208	3591680
3.50629	3591680	3593152
3.5063	3593152	3594624
3.50632	3594624	3596096
3.50633	3596096	3597568
3.50634	3597568	3599040
3.50635	3599040	3600512
3.50636	3600512	3601984
3.50637	3601984	3603456
3.50639	3603456	3604928
3.5064	3604928	3606400
3.50641	3606400	3607872
3.50642	3607872	3609344
3.50643	3609344	3610816
3.50645	3610816	3612288
3.50646	3612288	3613760
3.50647	3613760	3615232
3.50648	3615232	3616704
3.50649	3616704	3618176
3.5065	3618176	3619648
3.50652	3619648	3621120
3.50653	3621120	3622592
3.50654	3622592	3624064
3.50655	3624064	3625536
3.50818	3625536	3627008
3.50819	3627008	3628480
3.56247	3628480	3629952
3.56249	3629952	3631424
3.5625	3631424	3632896
3.56251	3632896	3634368
3.56252	3634368	3635840
3.56253	3635840	3637312
3.56255	3637312	3638784
3.56256	3638784	3640256
3.56257	3640256	3641728
3.56258	3641728	3643200
3.56259	3643200	3644672
3.5626	3644672	3646144
3.56262	3646144	3647616
3.56263	3647616	3649088
3.56264	3649088	3650560
3.56265	3650560	3652032
3.56266	3652032	3653504
3.56268	3653504	3654976
3.56269	3654976	3656448
3.5627	3656448	3657920
3.56271	3657920	3659392
3.56272	3659392	3660864
3.56273	3660864	3662336
3.56275	3662336	3663808
3.56276	3663808	3665280
3.56277	3665280	3666752
3.56278	3666752	3668224
3.56279	3668224	3669696
3.56281	3669696	3671168
3.56282	3671168	3672640
3.56283	3672640	3674112
3.56284	3674112	3675584
3.56285	3675584	3677056
3.56286	3677056	3678528
3.56288	3678528	3680000
3.56289	3680000	3681472
3.5629	3681472	3682944
3.56291	3682944	3684416
3.56292	3684416	3685888
3.56294	3685888	3687360
3.56295	3687360	3688832
3.56296	3688832	3690304
3.56297	3690304	3691776
3.56298	3691776	3693248
3.60387	3693248	3694720
3.60388	3694720	3696192
3.60389	3696192	3697664
3.6039	3697664	3699136
3.60391	3699136	3700608
3.60393	3700608	3702080
3.60394	3702080	3703552
3.60395	3703552	3705024
3.60396	3705024	3706496
3.60397	3706496	3707968
3.60399	3707968	3709440
3.604	3709440	3710912
3.60401	3710912	3712384
3.60402	3712384	3713856
3.60403	3713856	3715328
3.60404	3715328	3716800
3.60406	3716800	3718272
3.60407	3718272	3719744
3.60408	3719744	3721216
3.60409	3721216	3722688
3.6041	3722688	3724160
3.60412	3724160	3725632
3.60413	3725632	3727104
3.60414	3727104	3728576
3.60415	3728576	3730048
3.60416	3730048	3731520
3.60417	3731520	3732992
3.60419	3732992	3734464
3.6042	3734464	3735936
3.60421	3735936	3737408
3.60422	3737408	3738880
3.60423	3738880	3740352
3.60425	3740352	3741824
3.60426	3741824	3743296
3.60427	3743296	3744768
3.60428	3744768	3746240
3.60429	3746240	3747712
3.6043	3747712	3749184
3.60432	3749184	3750656
3.60433	3750656	3752128
3.60434	3752128	3753600
3.60435	3753600	3755072
3.60436	3755072	3756544
3.60438	3756544	3758016
3.60681	3758016	3759488
3.60682	3759488	3760960
3.60683	3760960	3762432
3.60684	3762432	3763904
3.6355	3763904	3765376
3.63552	3765376	3766848
3.63553	3766848	3768320
3.63554	3768320	3769792
3.63555	3769792	3771264
3.63556	3771264	3772736
3.63558	3772736	3774208
3.63559	3774208	3775680
3.6356	3775680	3777152
3.63561	3777152	3778624
3.63562	3778624	3780096
3.63563	3780096	3781568
3.63565	3781568	3783040
3.63566	3783040	3784512
3.63567	3784512	3785984
3.63568	3785984	3787456
3.63569	3787456	3788928
3.63571	3788928	3790400
3.63572	3790400	3791872
3.6567	3791872	3793344
3.65672	3793344	3794816
3.65673	3794816	3796288
3.65674	3796288	3797760
3.65675	3797760	3799232
3.65676	3799232	3800704
3.65677	3800704	3802176
3.65679	3802176	3803648
3.6568	3803648	3805120
3.65681	3805120	3806592
3.65682	3806592	3808064
3.65683	3808064	3809536
3.65685	3809536	3811008
3.65686	3811008	3812480
3.65687	3812480	3813952
3.65688	3813952	3815424
3.65689	3815424	3816896
3.6569	3816896	3818368
3.65692	3818368	3819840
3.65693	3819840	3821312
3.65694	3821312	3822784
3.65695	3822784	3824256
3.65696	3824256	3825728
3.65698	3825728	3827200
3.65699	3827200	3828672
3.657	3828672	3830144
3.65701	3830144	3831616
3.65702	3831616	3833088
3.65703	3833088	3834560
3.65705	3834560	3836032
3.65706	3836032	3837504
3.65707	3837504	3838976
3.65708	3838976	3840448
3.65709	3840448	3841920
3.65711	3841920	3843392
3.65712	3843392	3844864
3.65713	3844864	3846336
3.65714	3846336	3847808
3.65715	3847808	3849280
3.65717	3849280	3850752
3.67187	3850752	3852224
3.67188	3852224	3853696
3.67189	3853696	3855168
3.67191	3855168	3856640
3.67192	3856640	3858112
3.67193	3858112	3859584
3.67194	3859584	3861056
3.67195	3861056	3862528
3.67197	3862528	3864000
3.68935	3864000	3865472
3.68936	3865472	3866944
3.68937	3866944	3868416
3.68938	3868416	3869888
3.68939	3869888	3871360
3.68941	3871360	3872832
3.68942	3872832	3874304
3.68943	3874304	3875776
3.68944	3875776	3877248
3.68945	3877248	3878720
3.68946	3878720	3880192
3.68948	3880192	3881664
3.68949	3881664	3883136
3.6895	3883136	3884608
3.68951	3884608	3886080
3.68952	3886080	3887552
3.68954	3887552	3889024
3.68955	3889024	3890496
3.68956	3890496	3891968
3.68957	3891968	3893440
3.68958	3893440	3894912
3.68959	3894912	3896384
3.68961	3896384	3897856
3.68962	3897856	3899328
3.68963	3899328	3900800
3.68964	3900800	3902272
3.68965	3902272	3903744
3.68967	3903744	3905216
3.68968	3905216	3906688
3.68969	3906688	3908160
3.6897	3908160	3909632
3.68971	3909632	3911104
3.68973	3911104	3912576
3.7321	3912576	3914048
3.73212	3914048	3915520
3.73213	3915520	3916992
3.73214	3916992	3918464
3.73215	3918464	3919936
3.73216	3919936	3921408
3.73218	3921408	3922880
3.73219	3922880	3924352
3.7322	3924352	3925824
3.73221	3925824	3927296
3.73222	3927296	3928768
3.73223	3928768	3930240
3.73225	3930240	3931712
3.73226	3931712	3933184
3.73227	3933184	3934656
3.73228	3934656	3936128
3.73229	3936128	3937600
3.73231	3937600	3939072
3.73232	3939072	3940544
3.73233	3940544	3942016
3.73234	3942016	3943488
3.73235	3943488	3944960
3.73236	3944960	3946432
3.73238	3946432	3947904
3.73239	3947904	3949376
3.7324	3949376	3950848
3.73241	3950848	3952320
3.73242	3952320	3953792
3.73244	3953792	3955264
3.73245	3955264	3956736
3.73246	3956736	3958208
3.73247	3958208	3959680
3.73248	3959680	3961152
3.73249	3961152	3962624
3.73251	3962624	3964096
3.73252	3964096	3965568
3.73253	3965568	3967040
3.73254	3967040	3968512
3.73255	3968512	3969984
3.73257	3969984	3971456
3.73258	3971456	3972928
3.73259	3972928	3974400
3.7326	3974400	3975872
3.73261	3975872	3977344
3.73869	3977344	3978816
3.7387	3978816	3980288
3.76889	3980288	3981760
3.76891	3981760	3983232
3.76892	3983232	3984704
3.76893	3984704	3986176
3.76894	3986176	3987648
3.76895	3987648	3989120
3.76897	3989120	3990592
3.76898	3990592	3992064
3.76899	3992064	3993536
3.769	3993536	3995008
3.76901	3995008	3996480
3.76902	3996480	3997952
3.76904	3997952	3999424
3.76905	3999424	4000896
3.76906	4000896	4002368
3.76907	4002368	4003840
3.76908	4003840	4005312
3.7691	4005312	4006784
3.76911	4006784	4008256
3.76912	4008256	4009728
3.76913	4009728	4011200
3.76914	4011200	4012672
3.76915	4012672	4014144
3.76917	4014144	4015616
3.76918	4015616	4017088
3.76919	4017088	4018560
3.7692	4018560	4020032
3.76921	4020032	4021504
3.76923	4021504	4022976
3.76924	4022976	4024448
3.76925	4024448	4025920
3.76926	4025920	4027392
3.76927	4027392	4028864
3.76928	4028864	4030336
3.77038	4030336	4031808
3.77038	4031808	4033280
3.77038	4033280	4034752
3.77038	4034752	4036224
3.77038	4036224	4037696
3.77038	4037696	4039168
3.77038	4039168	4040640
3.77038	4040640	4042112
3.77038	4042112	4043584
3.77038	4043584	4045056
3.77041	4045056	7360
3.78177	7360	5888
3.78177	5888	8832
3.79301	8832	10304
3.8159	10304	11776
3.82343	11776	13248
3.83393	13248	14720
3.84156	14720	16192
3.85725	16192	17664
3.87518	17664	19136
3.9034	19136	20608
3.93407	20608	22080
3.95164	22080	23552
3.96671	23552	25024
4.00546	25024	26496
4.02852	26496	27968
4.042	27968	29440
4.06628	29440	30912
4.09353	30912	32384
4.12298	32384	33856
4.15088	33856	35328
4.17117	35328	36800
4.18889	36800	38272
4.20563	38272	39744
4.22965	39744	41216
4.24107	41216	42688
4.25334	42688	44160
4.27678	44160	45632
4.28786	45632	47104
4.30936	47104	48576
4.3222	48576	50048
4.34069	50048	51520
4.3542	51520	52992
4.37274	52992	54464
4.40439	54464	55936
4.43934	55936	57408
4.44931	57408	58880
4.48091	58880	60352
4.50711	60352	61824
4.55656	61824	63296
4.57187	63296	64768
4.6047	64768	66240
4.63968	66240	67712
4.66387	67712	69184
4.69643	69184	70656
4.7418	70656	72128
4.78721	72128	73600
4.83359	73600	75072
4.84113	75072	76544
4.87265	76544	78016
4.92986	78016	79488
4.96525	79488	80960
4.99199	80960	82432
5.02064	82432	83904
5.02093	83904	85376
5.07029	85376	86848
5.08893	86848	88320
5.13067	88320	89792
5.15529	89792	91264
5.17367	91264	92736
5.19473	92736	94208
5.24356	94208	95680
5.26459	95680	97152
5.31501	97152	98624
5.3153	98624	100096
5.36204	100096	101568
5.37773	101568	103040
5.37803	103040	104512
5.43345	104512	105984
5.48362	105984	107456
5.48391	107456	108928
5.50664	108928	110400
5.54389	110400	111872
5.59699	111872	113344
5.59729	113344	114816
5.65013	114816	116288
5.65043	116288	117760
5.68702	117760	119232
5.68731	119232	120704
5.75358	120704	122176
5.75388	122176	123648
5.76328	123648	125120
5.80418	125120	126592
5.80716	126592	128064
5.85531	128064	129536
5.86129	129536	131008
5.88709	131008	132480
5.88975	132480	133952
5.90824	133952	135424
5.94067	135424	136896
5.98639	136896	138368
5.98669	138368	139840
6.02292	139840	141312
6.02321	141312	142784
6.04161	142784	144256
6.08068	144256	145728
6.08098	145728	147200
6.1318	147200	148672
6.1321	148672	150144
6.22041	150144	151616
6.23057	151616	153088
6.25376	153088	154560
6.29611	154560	156032
6.2964	156032	157504
6.34697	157504	158976
6.36072	158976	160448
6.37225	160448	161920
6.41382	161920	163392
6.41411	163392	164864
6.46996	164864	166336
6.47359	166336	167808
6.501	167808	169280
6.53837	169280	170752
6.59274	170752	172224
6.59303	172224	173696
6.64606	173696	175168
6.64726	175168	176640
6.69075	176640	178112
6.69568	178112	179584
6.72153	179584	181056
6.77416	181056	182528
6.77446	182528	184000
6.80731	184000	185472
6.86379	185472	186944
6.86409	186944	188416
6.9278	188416	189888
6.9281	189888	191360
6.9799	191360	192832
6.99321	192832	194304
7.05086	194304	195776
7.05116	195776	197248
7.08954	197248	198720
7.16238	198720	200192
7.16267	200192	201664
7.22126	201664	203136
7.22156	203136	204608
7.2577	204608	206080
7.26715	206080	207552
7.28418	207552	209024
7.29744	209024	210496
7.34384	210496	211968
7.34414	211968	213440
7.4001	213440	214912
7.40039	214912	216384
7.44038	216384	217856
7.44068	217856	219328
7.48718	219328	220800
7.48748	220800	222272
7.54785	222272	223744
7.54785	223744	225216
7.61249	225216	226688
7.61279	226688	228160
7.62631	228160	229632
7.68181	229632	231104
7.69431	231104	232576
7.74361	232576	234048
7.7591	234048	235520
7.79785	235520	236992
7.87622	236992	238464
7.87651	238464	239936
7.93809	239936	241408
7.93839	241408	242880
7.95961	242880	244352
7.98615	244352	245824
8.03287	245824	247296
8.03317	247296	248768
8.05724	248768	250240
8.08221	250240	251712
8.08251	251712	253184
8.12253	253184	254656
8.16525	254656	256128
8.18886	256128	257600
8.22797	257600	259072
8.22826	259072	260544
8.26555	260544	262016
8.26585	262016	263488
8.30891	263488	264960
8.3092	264960	266432
8.36134	266432	267904
8.42828	267904	269376
8.42857	269376	270848
8.47816	270848	272320
8.47883	272320	273792
8.49209	273792	275264
8.55335	275264	276736
8.55847	276736	278208
8.58029	278208	279680
8.62866	279680	281152
8.684	281152	282624
8.68429	282624	284096
8.77097	284096	285568
8.77127	285568	287040
8.78558	287040	288512
8.82027	288512	289984
8.86935	289984	291456
8.86965	291456	292928
8.91571	292928	294400
8.916	294400	295872
8.93409	295872	297344
8.95792	297344	298816
9.00592	298816	300288
9.00621	300288	301760
9.04061	301760	303232
9.04091	303232	304704
9.07535	304704	306176
9.07565	306176	307648
9.11902	307648	309120
9.13175	309120	310592
9.17477	310592	312064
9.17507	312064	313536
9.21797	313536	315008
9.25835	315008	316480
9.25864	316480	317952
9.3121	317952	319424
9.3124	319424	320896
9.34265	320896	322368
9.40175	322368	323840
9.40204	323840	325312
9.44739	325312	326784
9.46962	326784	328256
9.46991	328256	329728
9.51972	329728	331200
9.52002	331200	332672
9.5629	332672	334144
9.57652	334144	335616
9.6265	335616	337088
9.6268	337088	338560
9.68175	338560	340032
9.68204	340032	341504
9.73781	341504	342976
9.78875	342976	344448
9.78904	344448	345920
9.80324	345920	347392
9.89849	347392	348864
9.95508	348864	350336
9.95538	350336	351808
9.96848	351808	353280
10.0125	353280	354752
10.0172	354752	356224
10.0731	356224	357696
10.0871	357696	359168
10.0991	359168	360640
10.1325	360640	362112
10.1603	362112	363584
10.1606	363584	365056
10.2231	365056	366528
10.2234	366528	368000
10.2668	368000	369472
10.2875	369472	370944
10.3399	370944	372416
10.3402	372416	373888
10.3404	373888	5888
10.3423	5888	4416
10.3423	4416	8832
10.346	8832	10304
10.3586	10304	11776
10.3708	11776	13248
10.3945	13248	14720
10.4259	14720	16192
10.458	16192	17664
10.4639	17664	19136
10.4985	19136	20608
10.5014	20608	22080
10.5138	22080	23552
10.5229	23552	25024
10.5479	25024	26496
10.5678	26496	27968
10.5936	27968	29440
10.5982	29440	30912
10.6447	30912	32384
10.6601	32384	33856
10.6752	33856	35328
10.6873	35328	36800
10.6996	36800	38272
10.7189	38272	39744
10.7464	39744	41216
10.7587	41216	42688
10.7707	42688	44160
10.7827	44160	45632
10.8016	45632	47104
10.8328	47104	48576
10.8696	48576	50048
10.8871	50048	51520
10.9005	51520	52992
10.9294	52992	54464
10.9461	54464	55936
10.9747	55936	57408
10.9839	57408	58880
11.0157	58880	60352
11.0458	60352	61824
11.0669	61824	63296
11.0892	63296	64768
11.1099	64768	66240
11.1308	66240	67712
11.1629	67712	69184
11.1782	69184	70656
11.1938	70656	72128
11.2074	72128	73600
11.2591	73600	75072
11.283	75072	76544
11.3362	76544	78016
11.3634	78016	79488
11.3752	79488	80960
11.4235	80960	82432
11.4644	82432	83904
11.4647	83904	85376
11.5227	85376	86848
11.5448	86848	88320
11.5841	88320	89792
11.5844	89792	91264
11.6237	91264	92736
11.6578	92736	94208
11.7103	94208	95680
11.768	95680	97152
11.8134	97152	98624
11.8137	98624	100096
11.8652	100096	101568
11.8838	101568	103040
11.9	103040	104512
11.9215	104512	105984
11.9907	105984	107456
11.9909	107456	108928
12.0419	108928	110400
12.0554	110400	111872
12.0735	111872	113344
12.1029	113344	114816
12.1069	114816	116288
12.1345	116288	117760
12.164	117760	119232
12.2471	119232	120704
12.2474	120704	122176
12.2695	122176	123648
12.3057	123648	125120
12.306	125120	126592
12.3511	126592	128064
12.412	128064	129536
12.4123	129536	131008
12.4449	131008	132480
12.4889	132480	133952
12.4892	133952	135424
12.5111	135424	136896
12.5434	136896	138368
12.5649	138368	139840
12.5938	139840	141312
12.5941	141312	142784
12.6116	142784	144256
12.6533	144256	145728
12.6536	145728	147200
12.7034	147200	148672
12.7037	148672	150144
12.8001	150144	151616
12.8004	151616	153088
12.807	153088	154560
12.8572	154560	156032
12.9016	156032	157504
12.9019	157504	158976
12.9175	158976	160448
12.9733	160448	161920
12.9736	161920	163392
13.0083	163392	164864
13.0409	164864	166336
13.0412	166336	167808
13.0721	167808	169280
13.1085	169280	170752
13.1088	170752	172224
13.122	172224	173696
13.1695	173696	175168
13.1698	175168	176640
13.218	176640	178112
13.2183	178112	179584
13.2653	179584	181056
13.2889	181056	182528
13.2892	182528	184000
13.3239	184000	185472
13.3242	185472	186944
13.3355	186944	188416
13.4037	188416	189888
13.4179	189888	191360
13.4409	191360	192832
13.4766	192832	194304
13.4769	194304	195776
13.5021	195776	197248
13.561	197248	198720
13.5613	198720	200192
13.6269	200192	201664
13.6272	201664	203136
13.6685	203136	204608
13.6704	204608	206080
13.6992	206080	207552
13.7192	207552	209024
13.7431	209024	210496
13.7434	210496	211968
13.7919	211968	213440
13.7922	213440	214912
13.8397	214912	216384
13.84	216384	217856
13.8561	217856	219328
13.8814	219328	220800
13.9049	220800	222272
13.9052	222272	223744
13.9371	223744	225216
13.9374	225216	226688
13.9547	226688	228160
13.9766	228160	229632
13.9769	229632	231104
14.0113	231104	232576
14.0402	232576	234048
14.0405	234048	235520
14.0723	235520	236992
14.0726	236992	238464
14.118	238464	239936
14.1183	239936	241408
14.1516	241408	242880
14.1519	242880	244352
14.1815	244352	245824
14.1818	245824	247296
14.1939	247296	248768
14.2298	248768	250240
14.2301	250240	251712
14.2684	251712	253184
14.281	253184	254656
14.3126	254656	256128
14.3129	256128	257600
14.3479	257600	259072
14.3482	259072	260544
14.3749	260544	262016
14.3752	262016	263488
14.3898	263488	264960
14.4253	264960	266432
14.4256	266432	267904
14.4546	267904	269376
14.4549	269376	270848
14.4931	270848	272320
14.4934	272320	273792
14.5291	273792	275264
14.5294	275264	276736
14.5606	276736	278208
14.6023	278208	279680
14.6026	279680	281152
14.6351	281152	282624
14.6354	282624	284096
14.657	284096	285568
14.6926	285568	287040
14.6929	287040	288512
14.7455	288512	289984
14.7458	289984	291456
14.7707	291456	292928
14.8131	292928	294400
14.8134	294400	295872
14.844	295872	297344
14.8443	297344	298816
14.8862	298816	300288
14.917	300288	301760
14.9173	301760	303232
14.9459	303232	304704
14.9462	304704	306176
14.9887	306176	307648
15.0385	307648	309120
15.0388	309120	310592
15.0625	310592	312064
15.0862	312064	313536
15.0865	313536	315008
15.129	315008	316480
15.1542	316480	317952
15.1747	317952	319424
15.175	319424	320896
15.2135	320896	322368
15.2135	322368	323840
15.2588	323840	325312
15.2624	325312	326784
15.3048	326784	328256
15.319	328256	329728
15.3667	329728	331200
15.367	331200	332672
15.4136	332672	334144
15.4139	334144	335616
15.439	335616	337088
15.4393	337088	338560
15.481	338560	340032
15.4965	340032	341504
15.5394	341504	342976
15.5397	342976	344448
15.6	344448	345920
15.6003	345920	347392
15.6272	347392	348864
15.6608	348864	350336
15.6608	350336	351808
15.706	351808	353280
15.7202	353280	354752
15.7257	354752	356224
15.7775	356224	357696
15.7942	357696	359168
15.8381	359168	360640
15.8384	360640	362112
15.8803	362112	363584
15.8806	363584	365056
15.9529	365056	366528
15.9677	366528	368000
16.0011	368000	369472
16.0481	369472	370944
16.0484	370944	372416
16.0579	372416	373888
16.103	373888	375360
16.1033	375360	376832
16.1635	376832	378304
16.172	378304	379776
16.2155	379776	381248
16.2158	381248	382720
16.2616	382720	384192
16.2619	384192	385664
16.2765	385664	387136
16.3171	387136	388608
16.3174	388608	390080
16.3417	390080	391552
16.381	391552	393024
16.4019	393024	394496
16.4249	394496	395968
16.4252	395968	397440
16.4726	397440	398912
16.4892	398912	400384
16.5451	400384	401856
16.5454	401856	403328
16.6009	403328	404800
16.6012	404800	406272
16.6485	406272	407744
16.6488	407744	409216
16.7006	409216	410688
16.7009	410688	412160
16.7454	412160	413632
16.7457	413632	415104
16.7775	415104	416576
16.8207	416576	418048
16.821	418048	419520
16.866	419520	420992
16.8663	420992	422464
16.9026	422464	423936
16.9029	423936	425408
16.9371	425408	426880
16.9374	426880	428352
16.9582	428352	429824
16.9986	429824	431296
17.03	431296	432768
17.1078	432768	434240
17.1078	434240	435712
17.137	435712	437184
17.1373	437184	438656
17.1938	438656	440128
17.1941	440128	441600
17.2431	441600	443072
17.2454	443072	444544
17.2976	444544	446016
17.2979	446016	447488
17.3493	447488	448960
17.3496	448960	450432
17.4085	450432	451904
17.4088	451904	453376
17.4661	453376	454848
17.5036	454848	456320
17.5039	456320	457792
17.546	457792	459264
17.549	459264	460736
17.6015	460736	462208
17.6131	462208	463680
17.6749	463680	465152
17.6752	465152	466624
17.7202	466624	468096
17.7205	468096	469568
17.7799	469568	471040
17.7802	471040	472512
17.8234	472512	473984
17.8237	473984	475456
17.8936	475456	476928
17.8951	476928	478400
17.9395	478400	479872
17.9398	479872	481344
17.9874	481344	482816
17.9877	482816	484288
18.0204	484288	485760
18.0602	485760	487232
18.0605	487232	488704
18.1124	488704	490176
18.1127	490176	491648
18.175	491648	493120
18.1753	493120	494592
18.2341	494592	496064
18.2344	496064	497536
18.2928	497536	499008
18.2928	499008	500480
18.3444	500480	501952
18.3447	501952	503424
18.367	503424	504896
18.3843	504896	506368
18.416	506368	507840
18.4511	507840	509312
18.5077	509312	510784
18.508	510784	512256
18.5213	512256	513728
18.5333	513728	515200
18.5985	515200	516672
18.5988	516672	518144
18.6232	518144	519616
18.6235	519616	521088
18.6528	521088	522560
18.663	522560	524032
18.687	524032	525504
18.7265	525504	526976
18.7268	526976	528448
18.7586	528448	529920
18.8067	529920	531392
18.807	531392	532864
18.8416	532864	534336
18.8419	534336	535808
18.8779	535808	537280
18.8782	537280	538752
18.9049	538752	540224
18.9379	540224	541696
18.9508	541696	543168
18.9823	543168	544640
18.9826	544640	546112
19.0118	546112	547584
19.0121	547584	549056
19.039	549056	550528
19.08	550528	552000
19.0803	552000	553472
19.1253	553472	554944
19.1256	554944	556416
19.1571	556416	557888
19.173	557888	559360
19.2202	559360	560832
19.2205	560832	562304
19.2577	562304	563776
19.258	563776	565248
19.2941	565248	566720
19.3267	566720	568192
19.3445	568192	569664
19.3448	569664	571136
19.3783	571136	572608
19.4299	572608	574080
19.4302	574080	575552
19.4763	575552	577024
19.4766	577024	578496
19.4984	578496	579968
19.5364	579968	581440
19.5588	581440	582912
19.5591	582912	584384
19.6059	584384	585856
19.6714	585856	587328
19.6717	587328	588800
19.7253	588800	590272
19.7256	590272	591744
19.7769	591744	593216
19.7772	593216	594688
19.8032	594688	596160
19.8205	596160	597632
19.8618	597632	599104
19.8621	599104	600576
19.9006	600576	602048
19.9386	602048	603520
19.9389	603520	604992
19.9719	604992	606464
19.9893	606464	607936
20.0179	607936	609408
20.0182	609408	610880
20.0737	610880	612352
20.074	612352	613824
20.1077	613824	615296
20.1421	615296	616768
20.1424	616768	618240
20.1675	618240	619712
20.1876	619712	621184
20.2405	621184	622656
20.2607	622656	624128
20.2869	624128	625600
20.2872	625600	627072
20.3559	627072	628544
20.3562	628544	630016
20.406	630016	631488
20.4063	631488	632960
20.4273	632960	634432
20.4789	634432	635904
20.4792	635904	637376
20.5149	637376	638848
20.5463	638848	640320
20.5466	640320	641792
20.5756	641792	643264
20.5759	643264	644736
20.6274	644736	646208
20.6277	646208	647680
20.6674	647680	649152
20.685	649152	650624
20.7446	650624	652096
20.7449	652096	653568
20.8114	653568	655040
20.8117	655040	656512
20.8696	656512	657984
20.8699	657984	659456
20.9269	659456	660928
20.9272	660928	662400
20.9812	662400	663872
20.9865	663872	665344
