1.16422	98624	100096
1.16433	100096	101568
1.16445	101568	103040
1.16457	103040	104512
1.21036	104512	105984
1.21048	105984	107456
1.2106	107456	108928
1.2346	108928	110400
1.23472	110400	111872
1.23484	111872	113344
1.23496	113344	114816
1.28379	114816	116288
1.28391	116288	117760
1.28403	117760	119232
1.28414	119232	120704
1.32842	120704	122176
1.32854	122176	123648
1.32865	123648	125120
1.32877	125120	126592
1.34582	126592	128064
1.34594	128064	129536
1.39339	129536	131008
1.3935	131008	132480
1.39362	132480	133952
1.39374	133952	135424
1.39941	135424	136896
1.44589	136896	138368
1.446	138368	139840
1.44612	139840	141312
1.44624	141312	142784
1.46259	142784	144256
1.4627	144256	145728
1.48546	145728	147200
1.48558	147200	148672
1.4857	148672	150144
1.53063	150144	151616
1.53075	151616	153088
1.53087	153088	154560
1.53099	154560	156032
1.53686	156032	157504
1.57784	157504	158976
1.57796	158976	160448
1.57808	160448	161920
1.5782	161920	163392
1.5962	163392	164864
1.62117	164864	166336
1.62129	166336	167808
1.62141	167808	169280
1.62152	169280	170752
1.64442	170752	172224
1.64454	172224	173696
1.67715	173696	175168
1.67726	175168	176640
1.67738	176640	178112
1.6775	178112	179584
1.68419	179584	181056
1.69767	181056	182528
1.70906	182528	184000
1.70918	184000	185472
1.73461	185472	186944
1.73473	186944	188416
1.73485	188416	189888
1.7548	189888	191360
1.75492	191360	192832
1.75504	192832	194304
1.75515	194304	195776
1.80254	195776	197248
1.80266	197248	198720
1.80277	198720	200192
1.80289	200192	201664
1.8119	201664	203136
1.82292	203136	204608
1.85134	204608	206080
1.85146	206080	207552
1.85158	207552	209024
1.8517	209024	210496
1.9103	210496	211968
1.91042	211968	213440
1.91054	213440	214912
1.91066	214912	216384
1.91078	216384	217856
1.96573	217856	219328
1.96585	219328	220800
1.96597	220800	222272
1.96608	222272	223744
2.01006	223744	225216
2.01017	225216	226688
2.01029	226688	228160
2.01041	228160	229632
2.01053	229632	231104
2.03753	231104	232576
2.03765	232576	234048
2.04944	234048	235520
2.04955	235520	236992
2.0853	236992	238464
2.08542	238464	239936
2.08554	239936	241408
2.08566	241408	242880
2.08578	242880	244352
2.12034	244352	245824
2.12046	245824	247296
2.12058	247296	248768
2.1207	248768	250240
2.17246	250240	251712
2.17257	251712	253184
2.17269	253184	254656
2.17281	254656	256128
2.17293	256128	257600
2.20703	257600	259072
2.20715	259072	260544
2.20727	260544	262016
2.20738	262016	263488
2.22819	263488	264960
2.22831	264960	266432
2.24549	266432	267904
2.24561	267904	269376
2.24573	269376	270848
2.30215	270848	272320
2.30227	272320	273792
2.30239	273792	275264
2.30251	275264	276736
2.3073	276736	278208
2.36562	278208	279680
2.36574	279680	281152
2.36586	281152	282624
2.36597	282624	284096
2.41042	284096	285568
2.41054	285568	287040
2.41066	287040	288512
2.41078	288512	289984
2.4109	289984	291456
2.44995	291456	292928
2.45006	292928	294400
2.45018	294400	295872
2.4503	295872	297344
2.45545	297344	298816
2.49896	298816	300288
2.49908	300288	301760
2.4992	301760	303232
2.49931	303232	304704
2.54456	304704	306176
2.54468	306176	307648
2.5448	307648	309120
2.54491	309120	310592
2.54503	310592	312064
2.56361	312064	313536
2.59054	313536	315008
2.59066	315008	316480
2.59078	316480	317952
2.66393	317952	319424
2.66404	319424	320896
2.66416	320896	322368
2.66428	322368	323840
2.6644	323840	325312
2.72202	325312	326784
2.72214	326784	328256
2.72226	328256	329728
2.72238	329728	331200
2.72249	331200	332672
2.77113	332672	334144
2.77125	334144	335616
2.77137	335616	337088
2.77149	337088	338560
2.7716	338560	340032
2.82344	340032	341504
2.82356	341504	342976
2.82368	342976	344448
2.8238	344448	345920
2.82392	345920	347392
2.87093	347392	348864
2.87105	348864	350336
2.87117	350336	351808
2.87128	351808	353280
2.87637	353280	354752
2.95047	354752	356224
2.95059	356224	357696
2.9507	357696	359168
2.95082	359168	360640
2.99323	360640	362112
2.99335	362112	363584
2.99347	363584	365056
2.99359	365056	366528
2.99806	366528	368000
3.01052	368000	369472
3.05147	369472	370944
3.05159	370944	372416
3.05171	372416	373888
3.05183	373888	375360
3.05195	375360	376832
3.10148	376832	378304
3.1016	378304	379776
3.10172	379776	381248
3.10184	381248	382720
3.10195	382720	384192
3.14834	384192	385664
3.14846	385664	387136
3.14857	387136	388608
3.14869	388608	390080
3.15091	390080	391552
3.2018	391552	393024
3.20192	393024	394496
3.20204	394496	395968
3.20215	395968	397440
3.20227	397440	398912
3.24087	398912	400384
3.24099	400384	401856
3.2411	401856	403328
3.24122	403328	404800
3.25774	404800	406272
3.25786	406272	407744
3.27704	407744	409216
3.27716	409216	410688
3.27728	410688	412160
3.2774	412160	413632
3.32199	413632	415104
3.32211	415104	416576
3.32223	416576	418048
3.32235	418048	419520
3.34807	419520	420992
3.34819	420992	422464
3.34831	422464	423936
3.39288	423936	425408
3.393	425408	426880
3.39312	426880	428352
3.39324	428352	429824
3.43559	429824	431296
3.43571	431296	432768
3.43583	432768	434240
3.43595	434240	435712
3.43607	435712	437184
3.48523	437184	438656
3.48535	438656	440128
3.48547	440128	441600
3.48559	441600	443072
3.49243	443072	444544
3.51248	444544	446016
3.5126	446016	447488
3.51272	447488	448960
3.55783	448960	450432
3.55795	450432	451904
3.55807	451904	453376
3.55819	453376	454848
3.55831	454848	456320
3.60989	456320	457792
3.61001	457792	459264
3.61013	459264	460736
3.61025	460736	462208
3.65577	462208	463680
3.65589	463680	465152
3.65601	465152	466624
3.65612	466624	468096
3.67173	468096	469568
3.67185	469568	471040
3.71158	471040	472512
3.7184	472512	473984
3.7184	473984	475456
3.7184	475456	476928
3.75689	476928	478400
3.757	478400	479872
3.75712	479872	481344
3.75724	481344	482816
3.75736	482816	484288
3.80429	484288	485760
3.80441	485760	487232
3.80452	487232	488704
3.80464	488704	490176
3.84345	490176	491648
3.84357	491648	493120
3.84369	493120	494592
3.84381	494592	496064
3.89793	496064	497536
3.89805	497536	499008
3.89817	499008	500480
3.89829	500480	501952
3.89841	501952	503424
3.92111	503424	504896
3.95973	504896	506368
3.95985	506368	507840
3.95996	507840	509312
3.96008	509312	510784
4.00623	510784	512256
4.00634	512256	513728
4.00646	513728	515200
4.00658	515200	516672
4.04897	516672	518144
4.04908	518144	519616
4.0492	519616	521088
4.04932	521088	522560
4.04944	522560	524032
4.10947	524032	525504
4.10959	525504	526976
4.10971	526976	528448
4.10983	528448	529920
4.15646	529920	531392
4.15658	531392	532864
4.1567	532864	534336
4.15681	534336	535808
4.15693	535808	537280
4.21257	537280	538752
4.21269	538752	540224
4.21281	540224	541696
4.21293	541696	543168
4.21305	543168	544640
4.22107	544640	546112
4.26517	546112	547584
4.26529	547584	549056
4.2654	549056	550528
4.26552	550528	552000
4.30802	552000	553472
4.30814	553472	554944
4.30826	554944	556416
4.30838	556416	557888
4.3085	557888	559360
4.32385	559360	560832
4.32397	560832	562304
4.33737	562304	563776
4.37888	563776	565248
4.379	565248	566720
4.37912	566720	568192
4.37924	568192	569664
4.39443	569664	571136
4.39455	571136	572608
4.4527	572608	574080
4.45281	574080	575552
4.45293	575552	577024
4.45305	577024	578496
4.45317	578496	579968
4.50707	579968	581440
4.50718	581440	582912
4.5073	582912	584384
4.50742	584384	585856
4.516	585856	587328
4.54753	587328	588800
4.54765	588800	590272
4.55347	590272	591744
4.60135	591744	593216
4.60147	593216	594688
4.60159	594688	596160
4.60171	596160	597632
4.65181	597632	599104
4.65193	599104	600576
4.65205	600576	602048
4.65216	602048	603520
4.65228	603520	604992
4.69799	604992	606464
4.69811	606464	607936
4.69823	607936	609408
4.69835	609408	610880
4.73919	610880	612352
4.73931	612352	613824
4.73942	613824	615296
4.73954	615296	616768
4.77215	616768	618240
4.77227	618240	619712
4.77239	619712	621184
4.77251	621184	622656
4.82721	622656	624128
4.82733	624128	625600
4.82745	625600	627072
4.82756	627072	628544
4.83663	628544	630016
4.88341	630016	631488
4.88352	631488	632960
4.88364	632960	634432
4.88376	634432	635904
4.89003	635904	637376
4.90035	637376	638848
4.94069	638848	640320
4.94081	640320	641792
4.94092	641792	643264
4.94104	643264	644736
4.94116	644736	646208
5.00265	646208	647680
5.00277	647680	649152
5.00289	649152	650624
5.00301	650624	652096
5.04671	652096	653568
5.04683	653568	655040
5.04956	655040	656512
5.04956	656512	657984
5.04956	657984	659456
5.06556	659456	660928
5.08992	660928	662400
5.09003	662400	663872
5.09015	663872	665344
5.09027	665344	666816
5.09378	666816	668288
5.13398	668288	669760
5.13409	669760	671232
5.13421	671232	672704
5.13433	672704	674176
5.13833	674176	675648
5.18984	675648	677120
5.18995	677120	678592
5.19007	678592	680064
5.19019	680064	681536
5.19773	681536	683008
5.24402	683008	684480
5.24414	684480	685952
5.24425	685952	687424
5.24437	687424	688896
5.24449	688896	690368
5.29368	690368	691840
5.29379	691840	693312
5.29391	693312	694784
5.29403	694784	696256
5.34364	696256	697728
5.34376	697728	699200
5.34388	699200	700672
5.344	700672	702144
5.34412	702144	703616
5.34949	703616	705088
5.3965	705088	706560
5.39662	706560	708032
5.39674	708032	709504
5.39685	709504	710976
5.40679	710976	712448
5.45512	712448	713920
5.45523	713920	715392
5.45535	715392	716864
5.45547	716864	718336
5.50452	718336	719808
5.50464	719808	721280
5.50475	721280	722752
5.50487	722752	724224
5.50499	724224	725696
5.5095	725696	727168
5.5363	727168	728640
5.53642	728640	730112
5.54782	730112	731584
5.56504	731584	733056
5.56516	733056	734528
5.60902	734528	736000
5.60914	736000	737472
5.60926	737472	738944
5.60938	738944	740416
5.6095	740416	741888
5.66236	741888	743360
5.66248	743360	744832
5.6626	744832	746304
5.66272	746304	747776
5.66584	747776	749248
5.69733	749248	750720
5.69745	750720	752192
5.69757	752192	753664
5.74308	753664	755136
5.7432	755136	756608
5.74331	756608	758080
5.74343	758080	759552
5.74355	759552	761024
5.7619	761024	762496
5.79508	762496	763968
5.7952	763968	765440
5.79532	765440	766912
5.79543	766912	768384
5.84541	768384	769856
5.84553	769856	771328
5.84565	771328	772800
5.84577	772800	774272
5.84589	774272	775744
5.85333	775744	777216
5.875	777216	778688
5.87512	778688	780160
5.87524	780160	781632
5.92377	781632	783104
5.92389	783104	784576
5.924	784576	786048
5.92434	786048	787520
5.96902	787520	788992
5.96914	788992	790464
5.96926	790464	791936
5.96938	791936	793408
5.97326	793408	794880
6.02328	794880	796352
6.0234	796352	797824
6.02352	797824	799296
6.02364	799296	800768
6.07183	800768	802240
6.07195	802240	803712
6.07207	803712	805184
6.07219	805184	806656
6.08708	806656	808128
6.0872	808128	809600
6.13887	809600	811072
6.13898	811072	812544
6.1391	812544	814016
6.13922	814016	815488
6.14259	815488	816960
6.18446	816960	818432
6.18458	818432	819904
6.1847	819904	821376
6.18482	821376	822848
6.235	822848	824320
6.23511	824320	825792
6.23523	825792	827264
6.23535	827264	828736
6.27783	828736	830208
6.27795	830208	831680
6.27806	831680	833152
6.27818	833152	834624
6.2783	834624	836096
6.3336	836096	837568
6.33372	837568	839040
6.33383	839040	840512
6.33395	840512	841984
6.3408	841984	843456
6.39386	843456	844928
6.39398	844928	846400
6.3941	846400	847872
6.39421	847872	849344
6.39433	849344	850816
6.40642	850816	852288
6.40654	852288	853760
6.45167	853760	855232
6.45178	855232	856704
6.4519	856704	858176
6.45202	858176	859648
6.46135	859648	861120
6.47648	861120	862592
6.52035	862592	864064
6.52047	864064	865536
6.52059	865536	867008
6.52071	867008	868480
6.52082	868480	869952
6.56981	869952	871424
6.56992	871424	872896
6.57004	872896	874368
6.57016	874368	875840
6.58015	875840	877312
6.58027	877312	878784
6.62651	878784	880256
6.62663	880256	881728
6.62674	881728	883200
6.62686	883200	884672
6.63182	884672	886144
6.66283	886144	887616
6.66295	887616	889088
6.66307	889088	890560
6.73632	890560	892032
6.73644	892032	893504
6.73656	893504	894976
6.73668	894976	896448
6.75608	896448	897920
6.7562	897920	899392
6.77881	899392	900864
6.77893	900864	902336
6.77904	902336	903808
6.82706	903808	905280
6.82718	905280	906752
6.8273	906752	908224
6.82742	908224	909696
6.82754	909696	911168
6.88569	911168	912640
6.88581	912640	914112
6.88593	914112	915584
6.88604	915584	917056
6.88616	917056	918528
6.93663	918528	920000
6.93675	920000	921472
6.93687	921472	922944
6.93698	922944	924416
6.9371	924416	925888
6.9494	925888	927360
6.97234	927360	928832
6.97246	928832	930304
6.97258	930304	931776
7.01354	931776	933248
7.01366	933248	934720
7.01378	934720	936192
7.02511	936192	937664
7.07113	937664	939136
7.07125	939136	940608
7.07137	940608	942080
7.07148	942080	943552
7.08018	943552	945024
7.0803	945024	946496
7.1257	946496	947968
7.12582	947968	949440
7.12594	949440	950912
7.12605	950912	952384
7.16346	952384	953856
7.16358	953856	955328
7.16369	955328	956800
7.21207	956800	958272
7.21219	958272	959744
7.21231	959744	961216
7.21242	961216	962688
7.21254	962688	964160
7.22649	964160	965632
7.24922	965632	967104
7.24934	967104	968576
7.24946	968576	970048
7.29398	970048	971520
7.2941	971520	972992
7.29422	972992	974464
7.29434	974464	975936
7.29804	975936	977408
7.35669	977408	978880
7.35681	978880	980352
7.35693	980352	981824
7.35705	981824	983296
7.40336	983296	984768
7.40348	984768	986240
7.4036	986240	987712
7.40372	987712	989184
7.44705	989184	990656
7.44717	990656	992128
7.44729	992128	993600
7.4474	993600	995072
7.44752	995072	996544
7.50411	996544	998016
7.50422	998016	999488
7.50434	999488	1000960
7.50446	1000960	1002432
7.5471	1002432	1003904
7.54722	1003904	1005376
7.54734	1005376	1006848
7.54746	1006848	1008320
7.54758	1008320	1009792
7.5838	1009792	1011264
7.58392	1011264	1012736
7.58404	1012736	1014208
7.60181	1014208	1015680
7.66306	1015680	1017152
7.66318	1017152	1018624
7.66329	1018624	1020096
7.66341	1020096	1021568
7.66353	1021568	1023040
7.71708	1023040	1024512
7.7172	1024512	1025984
7.71732	1025984	1027456
7.71744	1027456	1028928
7.71997	1028928	1030400
7.72611	1030400	1031872
7.76967	1031872	1033344
7.76979	1033344	1034816
7.76991	1034816	1036288
7.77003	1036288	1037760
7.77836	1037760	1039232
7.80121	1039232	1040704
7.80133	1040704	1042176
7.80144	1042176	1043648
7.82697	1043648	1045120
7.82709	1045120	1046592
7.82721	1046592	1048064
7.85556	1048064	1049536
7.85567	1049536	1051008
7.85579	1051008	1052480
7.88972	1052480	1053952
7.88984	1053952	1055424
7.88996	1055424	1056896
7.89008	1056896	1058368
7.93846	1058368	1059840
7.93858	1059840	1061312
7.9387	1061312	1062784
7.93882	1062784	1064256
7.94262	1064256	1065728
7.95312	1065728	1067200
7.95962	1067200	1068672
7.95974	1068672	1070144
7.97168	1070144	1071616
7.9718	1071616	1073088
8.00983	1073088	1074560
8.00994	1074560	1076032
8.01006	1076032	1077504
8.01018	1077504	1078976
8.0103	1078976	1080448
8.03373	1080448	1081920
8.03385	1081920	1083392
8.03396	1083392	1084864
8.04054	1084864	1086336
8.06795	1086336	1087808
8.06806	1087808	1089280
8.06818	1089280	1090752
8.0683	1090752	1092224
8.08746	1092224	1093696
8.08758	1093696	1095168
8.09929	1095168	1096640
8.09941	1096640	1098112
8.09953	1098112	1099584
8.13438	1099584	1101056
8.1345	1101056	1102528
8.13462	1102528	1104000
8.13474	1104000	1105472
8.15751	1105472	1106944
8.16887	1106944	1108416
8.16899	1108416	1109888
8.18836	1109888	1111360
8.18848	1111360	1112832
8.21125	1112832	1114304
8.21137	1114304	1115776
8.21149	1115776	1117248
8.21161	1117248	1118720
8.21435	1118720	1120192
8.25226	1120192	1121664
8.25238	1121664	1123136
8.2525	1123136	1124608
8.25262	1124608	1126080
8.27007	1126080	1127552
8.29724	1127552	1129024
8.29736	1129024	1130496
8.29748	1130496	1131968
8.29759	1131968	1133440
8.34993	1133440	1134912
8.35005	1134912	1136384
8.35016	1136384	1137856
8.35028	1137856	1139328
8.3504	1139328	1140800
8.39554	1140800	1142272
8.39565	1142272	1143744
8.39577	1143744	1145216
8.39589	1145216	1146688
8.42543	1146688	1148160
8.42555	1148160	1149632
8.42567	1149632	1151104
8.42579	1151104	1152576
8.46539	1152576	1154048
8.46551	1154048	1155520
8.46563	1155520	1156992
8.46575	1156992	1158464
8.47051	1158464	1159936
8.52444	1159936	1161408
8.52456	1161408	1162880
8.52468	1162880	1164352
8.5248	1164352	1165824
8.57406	1165824	1167296
8.57418	1167296	1168768
8.57429	1168768	1170240
8.57441	1170240	1171712
8.57453	1171712	1173184
8.62599	1173184	1174656
8.62611	1174656	1176128
8.62623	1176128	1177600
8.62635	1177600	1179072
8.63141	1179072	1180544
8.65273	1180544	1182016
8.65285	1182016	1183488
8.65297	1183488	1184960
8.6881	1184960	1186432
8.70561	1186432	1187904
8.70573	1187904	1189376
8.70585	1189376	1190848
8.75393	1190848	1192320
8.75404	1192320	1193792
8.75416	1193792	1195264
8.75428	1195264	1196736
8.80735	1196736	1198208
8.80746	1198208	1199680
8.80758	1199680	1201152
8.8077	1201152	1202624
8.80782	1202624	1204096
8.83481	1204096	1205568
8.83493	1205568	1207040
8.83505	1207040	1208512
8.8465	1208512	1209984
8.8466	1209984	1211456
8.87345	1211456	1212928
8.87357	1212928	1214400
8.91777	1214400	1215872
8.91788	1215872	1217344
8.918	1217344	1218816
8.91812	1218816	1220288
8.95031	1220288	1221760
8.95042	1221760	1223232
8.95054	1223232	1224704
8.96786	1224704	1226176
9.00636	1226176	1227648
9.00647	1227648	1229120
9.00659	1229120	1230592
9.00671	1230592	1232064
9.00683	1232064	1233536
9.01857	1233536	1235008
9.01869	1235008	1236480
9.04113	1236480	1237952
9.04125	1237952	1239424
9.04137	1239424	1240896
9.06876	1240896	1242368
9.11896	1242368	1243840
9.11908	1243840	1245312
9.1192	1245312	1246784
9.11932	1246784	1248256
9.11944	1248256	1249728
9.13568	1249728	1251200
9.17851	1251200	1252672
9.17863	1252672	1254144
9.17875	1254144	1255616
9.17886	1255616	1257088
9.23689	1257088	1258560
9.23701	1258560	1260032
9.23713	1260032	1261504
9.23725	1261504	1262976
9.25823	1262976	1264448
9.25835	1264448	1265920
9.25847	1265920	1267392
9.25859	1267392	1268864
9.30535	1268864	1270336
9.30547	1270336	1271808
9.30559	1271808	1273280
9.30571	1273280	1274752
9.35312	1274752	1276224
9.35324	1276224	1277696
9.35336	1277696	1279168
9.35347	1279168	1280640
9.36886	1280640	1282112
9.36894	1282112	1283584
9.36906	1283584	1285056
9.38639	1285056	1286528
9.3865	1286528	1288000
9.43384	1288000	1289472
9.43396	1289472	1290944
9.43408	1290944	1292416
9.43419	1292416	1293888
9.43431	1293888	1295360
9.45104	1295360	1296832
9.4683	1296832	1298304
9.46842	1298304	1299776
9.50318	1299776	1301248
9.5033	1301248	1302720
9.50342	1302720	1304192
9.53746	1304192	1305664
9.53757	1305664	1307136
9.53769	1307136	1308608
9.53781	1308608	1310080
9.53793	1310080	1311552
9.55404	1311552	1313024
9.55416	1313024	1314496
9.5863	1314496	1315968
9.58642	1315968	1317440
9.58654	1317440	1318912
9.61872	1318912	1320384
9.61883	1320384	1321856
9.61895	1321856	1323328
9.61941	1323328	1324800
9.62187	1324800	1326272
9.66675	1326272	1327744
9.66687	1327744	1329216
9.66699	1329216	1330688
9.66711	1330688	1332160
9.68779	1332160	1333632
9.68791	1333632	1335104
9.71043	1335104	1336576
9.71055	1336576	1338048
9.72862	1338048	1339520
9.72874	1339520	1340992
9.72886	1340992	1342464
9.76902	1342464	1343936
9.76914	1343936	1345408
9.76926	1345408	1346880
9.76938	1346880	1348352
9.77749	1348352	1349824
9.77761	1349824	1351296
9.82551	1351296	1352768
9.82562	1352768	1354240
9.82574	1354240	1355712
9.82586	1355712	1357184
9.82598	1357184	1358656
9.84812	1358656	1360128
9.84824	1360128	1361600
9.84835	1361600	1363072
9.8543	1363072	1364544
9.88031	1364544	1366016
9.88042	1366016	1367488
9.88054	1367488	1368960
9.8913	1368960	1370432
9.92561	1370432	1371904
9.92573	1371904	1373376
9.92585	1373376	1374848
9.92596	1374848	1376320
9.92608	1376320	1377792
9.97926	1377792	1379264
9.97937	1379264	1380736
9.97949	1380736	1382208
9.97961	1382208	1383680
10.0383	1383680	1385152
10.0385	1385152	1386624
10.0386	1386624	1388096
10.0387	1388096	1389568
10.0877	1389568	1391040
10.0879	1391040	1392512
10.088	1392512	1393984
10.0881	1393984	1395456
10.0882	1395456	1396928
10.1334	1396928	1398400
10.1335	1398400	1399872
10.1337	1399872	1401344
10.1338	1401344	1402816
10.1567	1402816	1404288
10.2165	1404288	1405760
10.2167	1405760	1407232
10.2168	1407232	1408704
10.2169	1408704	1410176
10.2212	1410176	1411648
10.2574	1411648	1413120
10.2575	1413120	1414592
10.2577	1414592	1416064
10.3089	1416064	1417536
10.309	1417536	1419008
10.3091	1419008	1420480
10.3092	1420480	1421952
10.3137	1421952	1423424
10.3251	1423424	1424896
10.3252	1424896	1426368
10.3539	1426368	1427840
10.3541	1427840	1429312
10.3542	1429312	1430784
10.3939	1430784	1432256
10.3941	1432256	1433728
10.3942	1433728	1435200
10.3943	1435200	1436672
10.4002	1436672	1438144
10.4043	1438144	1439616
10.4334	1439616	1441088
10.4458	1441088	1442560
10.446	1442560	1444032
10.4461	1444032	1445504
10.4462	1445504	1446976
10.4744	1446976	1448448
10.4745	1448448	1449920
10.4746	1449920	1451392
10.4747	1451392	1452864
10.4879	1452864	1454336
10.5369	1454336	1455808
10.5371	1455808	1457280
10.5372	1457280	1458752
10.5373	1458752	1460224
10.5374	1460224	1461696
10.5529	1461696	1463168
10.5963	1463168	1464640
10.5964	1464640	1466112
10.5965	1466112	1467584
10.5966	1467584	1469056
10.6	1469056	1470528
10.6591	1470528	1472000
10.6592	1472000	1473472
10.6593	1473472	1474944
10.6594	1474944	1476416
10.6831	1476416	1477888
10.6832	1477888	1479360
10.7024	1479360	1480832
10.7025	1480832	1482304
10.7027	1482304	1483776
10.7155	1483776	1485248
10.7156	1485248	1486720
10.7325	1486720	1488192
10.7327	1488192	1489664
10.7555	1489664	1491136
10.7556	1491136	1492608
10.7557	1492608	1494080
10.7558	1494080	1495552
10.7755	1495552	1497024
10.7756	1497024	1498496
10.8364	1498496	1499968
10.8365	1499968	1501440
10.8366	1501440	1502912
10.8367	1502912	1504384
10.8535	1504384	1505856
10.8536	1505856	1507328
10.9148	1507328	1508800
10.915	1508800	1510272
10.9151	1510272	1511744
10.9152	1511744	1513216
10.9153	1513216	1514688
10.9207	1514688	1516160
10.9672	1516160	1517632
10.9673	1517632	1519104
10.9675	1519104	1520576
10.9676	1520576	1522048
10.9773	1522048	1523520
11.0112	1523520	1524992
11.0113	1524992	1526464
11.0114	1526464	1527936
11.0115	1527936	1529408
11.0228	1529408	1530880
11.0628	1530880	1532352
11.0629	1532352	1533824
11.063	1533824	1535296
11.0631	1535296	1536768
11.0672	1536768	1538240
11.1182	1538240	1539712
11.1183	1539712	1541184
11.1184	1541184	1542656
11.1185	1542656	1544128
11.1261	1544128	1545600
11.1706	1545600	1547072
11.1707	1547072	1548544
11.1708	1548544	1550016
11.1709	1550016	1551488
11.1712	1551488	1552960
11.2276	1552960	1554432
11.2277	1554432	1555904
11.2278	1555904	1557376
11.2279	1557376	1558848
11.2442	1558848	1560320
11.2443	1560320	1561792
11.2444	1561792	1563264
11.2553	1563264	1564736
11.2612	1564736	1566208
11.2973	1566208	1567680
11.2974	1567680	1569152
11.2975	1569152	1570624
11.2977	1570624	1572096
11.3165	1572096	1573568
11.3166	1573568	1575040
11.3587	1575040	1576512
11.3588	1576512	1577984
11.3589	1577984	1579456
11.359	1579456	1580928
11.3728	1580928	1582400
11.3729	1582400	1583872
11.3893	1583872	1585344
11.3894	1585344	1586816
11.4028	1586816	1588288
11.428	1588288	1589760
11.4282	1589760	1591232
11.4283	1591232	1592704
11.4284	1592704	1594176
11.4514	1594176	1595648
11.4515	1595648	1597120
11.4954	1597120	1598592
11.4955	1598592	1600064
11.4956	1600064	1601536
11.4957	1601536	1603008
11.5035	1603008	1604480
11.5554	1604480	1605952
11.5555	1605952	1607424
11.5556	1607424	1608896
11.5557	1608896	1610368
11.5986	1610368	1611840
11.5987	1611840	1613312
11.5988	1613312	1614784
11.5989	1614784	1616256
11.6012	1616256	1617728
11.6257	1617728	1619200
11.6259	1619200	1620672
11.626	1620672	1622144
11.6261	1622144	1623616
11.6651	1623616	1625088
11.6652	1625088	1626560
11.6654	1626560	1628032
11.6655	1628032	1629504
11.7144	1629504	1630976
11.7145	1630976	1632448
11.7146	1632448	1633920
11.7147	1633920	1635392
11.7149	1635392	1636864
11.7712	1636864	1638336
11.7713	1638336	1639808
11.7714	1639808	1641280
11.7715	1641280	1642752
11.7716	1642752	1644224
11.8238	1644224	1645696
11.824	1645696	1647168
11.8241	1647168	1648640
11.8242	1648640	1650112
11.8243	1650112	1651584
11.8402	1651584	1653056
11.883	1653056	1654528
11.8832	1654528	1656000
11.8833	1656000	1657472
11.8834	1657472	1658944
11.9276	1658944	1660416
11.9277	1660416	1661888
11.9278	1661888	1663360
11.9279	1663360	1664832
11.9281	1664832	1666304
11.9834	1666304	1667776
11.9835	1667776	1669248
11.9836	1669248	1670720
11.9838	1670720	1672192
12.032	1672192	1673664
12.0321	1673664	1675136
12.0322	1675136	1676608
12.0323	1676608	1678080
12.0324	1678080	1679552
12.0855	1679552	1681024
12.0856	1681024	1682496
12.0857	1682496	1683968
12.0858	1683968	1685440
12.0859	1685440	1686912
12.1509	1686912	1688384
12.151	1688384	1689856
12.1511	1689856	1691328
12.1512	1691328	1692800
12.1514	1692800	1694272
12.1925	1694272	1695744
12.1926	1695744	1697216
12.1927	1697216	1698688
12.1929	1698688	1700160
12.2	1700160	1701632
12.2195	1701632	1703104
12.2196	1703104	1704576
12.2528	1704576	1706048
12.2529	1706048	1707520
12.253	1707520	1708992
12.2531	1708992	1710464
12.2533	1710464	1711936
12.3151	1711936	1713408
12.3152	1713408	1714880
12.3153	1714880	1716352
12.3154	1716352	1717824
12.3519	1717824	1719296
12.352	1719296	1720768
12.3521	1720768	1722240
12.3523	1722240	1723712
12.3524	1723712	1725184
12.4061	1725184	1726656
12.4062	1726656	1728128
12.4063	1728128	1729600
12.4064	1729600	1731072
12.4145	1731072	1732544
12.429	1732544	1734016
12.4291	1734016	1735488
12.4405	1735488	1736960
12.4564	1736960	1738432
12.4736	1738432	1739904
12.4738	1739904	1741376
12.4739	1741376	1742848
12.474	1742848	1744320
12.4859	1744320	1745792
12.4917	1745792	1747264
12.5368	1747264	1748736
12.537	1748736	1750208
12.5371	1750208	1751680
12.5372	1751680	1753152
12.5373	1753152	1754624
12.5841	1754624	1756096
12.5842	1756096	1757568
12.5844	1757568	1759040
12.5845	1759040	1760512
12.5998	1760512	1761984
12.6171	1761984	1763456
12.6343	1763456	1764928
12.6345	1764928	1766400
12.6346	1766400	1767872
12.6682	1767872	1769344
12.6683	1769344	1770816
12.6684	1770816	1772288
12.6685	1772288	1773760
12.6687	1773760	1775232
12.6804	1775232	1776704
12.7316	1776704	1778176
12.7318	1778176	1779648
12.7319	1779648	1781120
12.732	1781120	1782592
12.7321	1782592	1784064
12.7493	1784064	1785536
12.7494	1785536	1787008
12.7495	1787008	1788480
12.7826	1788480	1789952
12.7827	1789952	1791424
12.7828	1791424	1792896
12.7949	1792896	1794368
12.795	1794368	1795840
12.8075	1795840	1797312
12.8581	1797312	1798784
12.8582	1798784	1800256
12.8583	1800256	1801728
12.8585	1801728	1803200
12.8586	1803200	1804672
12.8651	1804672	1806144
12.8858	1806144	1807616
12.9373	1807616	1809088
12.9375	1809088	1810560
12.9376	1810560	1812032
12.9377	1812032	1813504
12.9378	1813504	1814976
12.956	1814976	1816448
12.9561	1816448	1817920
12.9732	1817920	1819392
12.9734	1819392	1820864
12.9735	1820864	1822336
12.9796	1822336	1823808
13.0284	1823808	1825280
13.0285	1825280	1826752
13.0287	1826752	1828224
13.0288	1828224	1829696
13.0326	1829696	1831168
13.0824	1831168	1832640
13.0825	1832640	1834112
13.0826	1834112	1835584
13.0827	1835584	1837056
13.1302	1837056	1838528
13.1303	1838528	1840000
13.1304	1840000	1841472
13.1306	1841472	1842944
13.1409	1842944	1844416
13.1798	1844416	1845888
13.1799	1845888	1847360
13.18	1847360	1848832
13.1802	1848832	1850304
13.21	1850304	1851776
13.2101	1851776	1853248
13.2102	1853248	1854720
13.2104	1854720	1856192
13.2253	1856192	1857664
13.2434	1857664	1859136
13.2435	1859136	1860608
13.2618	1860608	1862080
13.2619	1862080	1863552
13.262	1863552	1865024
13.2621	1865024	1866496
13.2962	1866496	1867968
13.2963	1867968	1869440
13.2964	1869440	1870912
13.2965	1870912	1872384
13.2967	1872384	1873856
13.3157	1873856	1875328
13.3647	1875328	1876800
13.3648	1876800	1878272
13.3649	1878272	1879744
13.3806	1879744	1881216
13.3807	1881216	1882688
13.3808	1882688	1884160
13.3865	1884160	1885632
13.3866	1885632	1887104
13.4198	1887104	1888576
13.4199	1888576	1890048
13.4471	1890048	1891520
13.4472	1891520	1892992
13.4473	1892992	1894464
13.4474	1894464	1895936
13.4476	1895936	1897408
13.4803	1897408	1898880
13.4804	1898880	1900352
13.5354	1900352	1901824
13.5355	1901824	1903296
13.5356	1903296	1904768
13.5357	1904768	1906240
13.5359	1906240	1907712
13.5746	1907712	1909184
13.5748	1909184	1910656
13.5749	1910656	1912128
13.575	1912128	1913600
13.6095	1913600	1915072
13.6096	1915072	1916544
13.6097	1916544	1918016
13.6098	1918016	1919488
13.6613	1919488	1920960
13.6614	1920960	1922432
13.6615	1922432	1923904
13.6616	1923904	1925376
13.6617	1925376	1926848
13.7019	1926848	1928320
13.7021	1928320	1929792
13.7022	1929792	1931264
13.7023	1931264	1932736
13.7581	1932736	1934208
13.7582	1934208	1935680
13.7583	1935680	1937152
13.7584	1937152	1938624
13.7585	1938624	1940096
13.7844	1940096	1941568
13.7845	1941568	1943040
13.8131	1943040	1944512
13.8133	1944512	1945984
13.8134	1945984	1947456
13.8299	1947456	1948928
13.83	1948928	1950400
13.8704	1950400	1951872
13.8705	1951872	1953344
13.8707	1953344	1954816
13.9281	1954816	1956288
13.9282	1956288	1957760
13.9283	1957760	1959232
13.9285	1959232	1960704
13.9737	1960704	1962176
13.9738	1962176	1963648
13.9739	1963648	1965120
13.974	1965120	1966592
13.979	1966592	1968064
14.0364	1968064	1969536
14.0371	1969536	1971008
14.0371	1971008	1972480
14.0371	1972480	32384
14.0371	32384	30912
14.0371	30912	29440
14.0371	29440	27968
14.0371	27968	26496
14.0371	26496	25024
14.0371	25024	23552
14.0371	23552	22080
14.0371	22080	20608
14.0371	20608	19136
14.0371	19136	17664
14.0371	17664	16192
14.0371	16192	14720
14.0371	14720	13248
14.0371	13248	11776
14.0371	11776	10304
14.0371	10304	8832
14.0411	8832	22080
14.0411	22080	23552
14.0702	23552	25024
14.0702	25024	26496
14.0703	26496	27968
14.0703	27968	29440
14.0703	29440	30912
14.0703	30912	32384
14.0703	32384	33856
14.076	33856	35328
14.0914	35328	36800
14.0914	36800	38272
14.0915	38272	39744
14.0915	39744	41216
14.109	41216	42688
14.109	42688	44160
14.109	44160	45632
14.1091	45632	47104
14.1343	47104	48576
14.1343	48576	50048
14.1343	50048	51520
14.1343	51520	52992
14.1344	52992	54464
14.1344	54464	55936
14.1345	55936	57408
14.1512	57408	58880
14.1513	58880	60352
14.1514	60352	61824
14.1769	61824	63296
14.177	63296	64768
14.177	64768	66240
14.177	66240	67712
14.1771	67712	69184
14.1771	69184	70656
14.1772	70656	72128
14.1891	72128	73600
14.1993	73600	75072
14.1993	75072	76544
14.1994	76544	78016
14.1994	78016	79488
14.1995	79488	80960
14.2358	80960	82432
14.2358	82432	83904
14.2358	83904	85376
14.2359	85376	86848
14.2359	86848	88320
14.236	88320	89792
14.236	89792	91264
14.2361	91264	92736
14.2708	92736	94208
14.2709	94208	95680
14.2709	95680	97152
14.2709	97152	98624
14.271	98624	100096
14.271	100096	101568
14.2711	101568	103040
14.2711	103040	104512
14.3129	104512	105984
14.3129	105984	107456
14.3129	107456	108928
14.3129	108928	110400
14.313	110400	111872
14.313	111872	113344
14.3131	113344	114816
14.3131	114816	116288
14.3132	116288	117760
14.3132	117760	119232
14.3187	119232	120704
14.3644	120704	122176
14.3644	122176	123648
14.3644	123648	125120
14.3644	125120	126592
14.3645	126592	128064
14.3645	128064	129536
14.3645	129536	131008
14.3646	131008	132480
14.3646	132480	133952
14.3647	133952	135424
14.3648	135424	136896
14.3648	136896	138368
14.4175	138368	139840
14.4176	139840	141312
14.4176	141312	142784
14.4176	142784	144256
14.4177	144256	145728
14.4177	145728	147200
14.4177	147200	148672
14.4178	148672	150144
14.4178	150144	151616
14.4179	151616	153088
14.4179	153088	154560
14.418	154560	156032
14.4596	156032	157504
14.4596	157504	158976
14.4596	158976	160448
14.4597	160448	161920
14.4597	161920	163392
14.4598	163392	164864
14.4598	164864	166336
14.4599	166336	167808
14.4599	167808	169280
14.46	169280	170752
14.4749	170752	172224
14.475	172224	173696
14.475	173696	175168
14.5113	175168	176640
14.5114	176640	178112
14.5114	178112	179584
14.5114	179584	181056
14.5115	181056	182528
14.5115	182528	184000
14.5116	184000	185472
14.5117	185472	186944
14.5117	186944	188416
14.5118	188416	189888
14.5443	189888	191360
14.5443	191360	192832
14.5444	192832	194304
14.5444	194304	195776
14.5445	195776	197248
14.5446	197248	198720
14.5796	198720	200192
14.5796	200192	201664
14.5797	201664	203136
14.5797	203136	204608
14.5798	204608	206080
14.5798	206080	207552
14.5799	207552	209024
14.5799	209024	210496
14.58	210496	211968
14.6148	211968	213440
14.6149	213440	214912
14.6149	214912	216384
14.615	216384	217856
14.615	217856	219328
14.6151	219328	220800
14.6151	220800	222272
14.6152	222272	223744
14.6153	223744	225216
14.6467	225216	226688
14.6467	226688	228160
14.6468	228160	229632
14.6469	229632	231104
14.6469	231104	232576
14.647	232576	234048
14.6471	234048	235520
14.6472	235520	236992
14.6946	236992	238464
14.6946	238464	239936
14.6946	239936	241408
14.6947	241408	242880
14.6947	242880	244352
14.6948	244352	245824
14.6948	245824	247296
14.6949	247296	248768
14.695	248768	250240
14.6951	250240	251712
14.7011	251712	253184
14.7528	253184	254656
14.7528	254656	256128
14.7529	256128	257600
14.7529	257600	259072
14.753	259072	260544
14.753	260544	262016
14.7531	262016	263488
14.7531	263488	264960
14.7532	264960	266432
14.7532	266432	267904
14.7533	267904	269376
14.7623	269376	270848
14.7623	270848	272320
14.7773	272320	273792
14.7773	273792	275264
14.7774	275264	276736
14.8404	276736	278208
14.8405	278208	279680
14.8405	279680	281152
14.8405	281152	282624
14.8406	282624	284096
14.8406	284096	285568
14.8407	285568	287040
14.8407	287040	288512
14.8408	288512	289984
14.8408	289984	291456
14.8409	291456	292928
14.8409	292928	294400
14.8754	294400	295872
14.8754	295872	297344
14.8755	297344	298816
14.8755	298816	300288
14.8756	300288	301760
14.8756	301760	303232
14.8757	303232	304704
14.8758	304704	306176
14.8758	306176	307648
14.8759	307648	309120
14.8975	309120	310592
14.8975	310592	312064
14.8976	312064	313536
14.9238	313536	315008
14.9239	315008	316480
14.9239	316480	317952
14.924	317952	319424
14.924	319424	320896
14.9241	320896	322368
14.9242	322368	323840
14.9242	323840	325312
14.9243	325312	326784
14.9624	326784	328256
14.9625	328256	329728
14.9625	329728	331200
14.9626	331200	332672
14.9626	332672	334144
14.9627	334144	335616
14.9628	335616	337088
14.9628	337088	338560
14.9629	338560	340032
14.9716	340032	341504
14.9716	341504	342976
14.9852	342976	344448
15.0156	344448	345920
15.0157	345920	347392
15.0157	347392	348864
15.0158	348864	350336
15.0159	350336	351808
15.0159	351808	353280
15.016	353280	354752
15.0161	354752	356224
15.0326	356224	357696
15.0327	357696	359168
15.0328	359168	360640
15.0328	360640	362112
15.0968	362112	363584
15.0969	363584	365056
15.0969	365056	366528
15.0969	366528	368000
15.097	368000	369472
15.097	369472	370944
15.0971	370944	372416
15.0971	372416	373888
15.0972	373888	375360
15.0973	375360	376832
15.0973	376832	378304
15.1067	378304	379776
15.1068	379776	381248
15.1349	381248	382720
15.135	382720	384192
15.135	384192	385664
15.1351	385664	387136
15.1873	387136	388608
15.1873	388608	390080
15.1874	390080	391552
15.1874	391552	393024
15.1875	393024	394496
15.1875	394496	395968
15.1876	395968	397440
15.1876	397440	398912
15.1877	398912	400384
15.1878	400384	401856
15.1878	401856	403328
15.2297	403328	404800
15.2297	404800	406272
15.2298	406272	407744
15.2298	407744	409216
15.2299	409216	410688
15.2299	410688	412160
15.23	412160	413632
15.23	413632	415104
15.2301	415104	416576
15.2302	416576	418048
15.2799	418048	419520
15.2799	419520	420992
15.28	420992	422464
15.28	422464	423936
15.2801	423936	425408
15.2801	425408	426880
15.2802	426880	428352
15.2802	428352	429824
15.2803	429824	431296
15.2804	431296	432768
15.3287	432768	434240
15.3287	434240	435712
15.3288	435712	437184
15.3288	437184	438656
15.3289	438656	440128
15.3289	440128	441600
15.329	441600	443072
15.329	443072	444544
15.3291	444544	446016
15.3292	446016	447488
15.3391	447488	448960
15.3774	448960	450432
15.3774	450432	451904
15.3775	451904	453376
15.3776	453376	454848
15.3776	454848	456320
15.3777	456320	457792
15.3777	457792	459264
15.3778	459264	460736
15.3778	460736	462208
15.3779	462208	463680
15.4119	463680	465152
15.412	465152	466624
15.412	466624	468096
15.4121	468096	469568
15.4122	469568	471040
15.4122	471040	472512
15.4123	472512	473984
15.4123	473984	475456
15.433	475456	476928
15.433	476928	478400
15.4331	478400	479872
15.4332	479872	481344
15.4332	481344	482816
15.4333	482816	484288
15.482	484288	485760
15.4821	485760	487232
15.4821	487232	488704
15.4822	488704	490176
15.4822	490176	491648
15.4823	491648	493120
15.4824	493120	494592
15.4824	494592	496064
15.4825	496064	497536
15.5383	497536	499008
15.5383	499008	500480
15.5384	500480	501952
15.5384	501952	503424
15.5385	503424	504896
15.5385	504896	506368
15.5386	506368	507840
15.5387	507840	509312
15.5387	509312	510784
15.5926	510784	512256
15.5926	512256	513728
15.5927	513728	515200
15.5927	515200	516672
15.5928	516672	518144
15.5928	518144	519616
15.5929	519616	521088
15.5929	521088	522560
15.593	522560	524032
15.6107	524032	525504
15.6108	525504	526976
15.6108	526976	528448
15.6109	528448	529920
15.6575	529920	531392
15.6575	531392	532864
15.6576	532864	534336
15.6576	534336	535808
15.6577	535808	537280
15.6577	537280	538752
15.6578	538752	540224
15.6579	540224	541696
15.6579	541696	543168
15.658	543168	544640
15.6635	544640	546112
15.6841	546112	547584
15.6841	547584	549056
15.6842	549056	550528
15.6842	550528	552000
15.6843	552000	553472
15.7083	553472	554944
15.7083	554944	556416
15.7084	556416	557888
15.7085	557888	559360
15.7085	559360	560832
15.7086	560832	562304
15.7087	562304	563776
15.7087	563776	565248
15.7606	565248	566720
15.7606	566720	568192
15.7607	568192	569664
15.7607	569664	571136
15.7608	571136	572608
15.7608	572608	574080
15.7609	574080	575552
15.761	575552	577024
15.761	577024	578496
15.7929	578496	579968
15.793	579968	581440
15.7931	581440	582912
15.7931	582912	584384
15.7932	584384	585856
15.7933	585856	587328
15.7933	587328	588800
15.7934	588800	590272
15.8649	590272	591744
15.865	591744	593216
15.865	593216	594688
15.8651	594688	596160
15.8651	596160	597632
15.8652	597632	599104
15.8653	599104	600576
15.8653	600576	602048
15.8654	602048	603520
15.9115	603520	604992
15.9116	604992	606464
15.9116	606464	607936
15.9117	607936	609408
15.9118	609408	610880
15.9118	610880	612352
15.9119	612352	613824
15.9119	613824	615296
15.912	615296	616768
15.9554	616768	618240
15.9554	618240	619712
15.9555	619712	621184
15.9556	621184	622656
15.9556	622656	624128
15.9557	624128	625600
15.9557	625600	627072
15.9558	627072	628544
15.9559	628544	630016
16.0035	630016	631488
16.0035	631488	632960
16.0036	632960	634432
16.0036	634432	635904
16.0037	635904	637376
16.0038	637376	638848
16.0038	638848	640320
16.0039	640320	641792
16.004	641792	643264
16.0101	643264	644736
16.0567	644736	646208
16.0568	646208	647680
16.0568	647680	649152
16.0569	649152	650624
16.057	650624	652096
16.057	652096	653568
16.0571	653568	655040
16.0571	655040	656512
16.0572	656512	657984
16.0595	657984	659456
16.0755	659456	660928
16.0755	660928	662400
16.0756	662400	663872
16.0925	663872	665344
16.0925	665344	666816
16.0926	666816	668288
16.1332	668288	669760
16.1333	669760	671232
16.1333	671232	672704
16.1334	672704	674176
16.1335	674176	675648
16.1339	675648	677120
16.1339	677120	678592
16.1339	678592	680064
16.1828	680064	681536
16.1828	681536	683008
16.1829	683008	684480
16.1829	684480	685952
16.183	685952	687424
16.1831	687424	688896
16.1831	688896	690368
16.1832	690368	691840
16.1833	691840	693312
16.1974	693312	694784
16.1975	694784	696256
16.1975	696256	697728
16.232	697728	699200
16.2321	699200	700672
16.2321	700672	702144
16.2322	702144	703616
16.2323	703616	705088
16.2323	705088	706560
16.2324	706560	708032
16.2325	708032	709504
16.245	709504	710976
16.2976	710976	712448
16.2977	712448	713920
16.2977	713920	715392
16.2978	715392	716864
16.3062	716864	718336
16.3062	718336	719808
16.3062	719808	721280
16.3062	721280	722752
16.3062	722752	724224
16.3092	724224	725696
16.3092	725696	727168
16.3093	727168	728640
16.3198	728640	730112
16.3199	730112	731584
16.3358	731584	733056
16.3358	733056	734528
16.3359	734528	736000
16.336	736000	737472
16.336	737472	738944
16.3911	738944	740416
16.3911	740416	741888
16.3912	741888	743360
16.3912	743360	744832
16.3913	744832	746304
16.3914	746304	747776
16.3915	747776	749248
16.3915	749248	750720
16.4652	750720	752192
16.4652	752192	753664
16.4991	753664	755136
16.4992	755136	756608
16.4992	756608	758080
16.4993	758080	759552
16.4993	759552	761024
16.4994	761024	762496
16.4994	762496	763968
16.4995	763968	765440
16.4995	765440	766912
16.5414	766912	768384
16.5415	768384	769856
16.5415	769856	771328
16.5416	771328	772800
16.5416	772800	774272
16.5417	774272	775744
16.5417	775744	777216
16.5418	777216	778688
16.5419	778688	780160
16.552	780160	781632
16.5951	781632	783104
16.5951	783104	784576
16.5952	784576	786048
16.5952	786048	787520
16.5953	787520	788992
16.5954	788992	790464
16.5954	790464	791936
16.5955	791936	793408
16.5955	793408	794880
16.6379	794880	796352
16.638	796352	797824
16.6381	797824	799296
16.6381	799296	800768
16.6382	800768	802240
16.6382	802240	803712
16.6383	803712	805184
16.6384	805184	806656
16.6384	806656	808128
16.6507	808128	809600
16.6936	809600	811072
16.6937	811072	812544
16.6938	812544	814016
16.6938	814016	815488
16.6939	815488	816960
16.6939	816960	818432
16.694	818432	819904
16.6941	819904	821376
16.6941	821376	822848
16.7431	822848	824320
16.7432	824320	825792
16.7432	825792	827264
16.7433	827264	828736
16.7433	828736	830208
16.7434	830208	831680
16.7435	831680	833152
16.7435	833152	834624
16.8211	834624	836096
16.8211	836096	837568
16.8212	837568	839040
16.8212	839040	840512
16.8213	840512	841984
16.8214	841984	843456
16.8214	843456	844928
16.8215	844928	846400
16.8216	846400	847872
16.8216	847872	849344
16.8267	849344	850816
16.8742	850816	852288
16.8743	852288	853760
16.8744	853760	855232
16.8744	855232	856704
16.8745	856704	858176
16.8745	858176	859648
16.8746	859648	861120
16.8747	861120	862592
16.8747	862592	864064
16.9245	864064	865536
16.9245	865536	867008
16.9246	867008	868480
16.9247	868480	869952
16.9247	869952	871424
16.9248	871424	872896
16.9248	872896	874368
16.9249	874368	875840
16.9697	875840	877312
16.9697	877312	878784
16.9698	878784	880256
16.9699	880256	881728
16.9699	881728	883200
16.97	883200	884672
16.9701	884672	886144
16.9701	886144	887616
16.9702	887616	889088
16.9963	889088	890560
16.9964	890560	892032
16.9964	892032	893504
16.9965	893504	894976
17.0419	894976	896448
17.0419	896448	897920
17.042	897920	899392
17.0421	899392	900864
17.0421	900864	902336
17.0422	902336	903808
17.0422	903808	905280
17.0423	905280	906752
17.087	906752	908224
17.087	908224	909696
17.0871	909696	911168
17.0871	911168	912640
17.0872	912640	914112
17.0873	914112	915584
17.0873	915584	917056
17.0874	917056	918528
17.0911	918528	920000
17.1089	920000	921472
17.109	921472	922944
17.109	922944	924416
17.1091	924416	925888
17.1253	925888	927360
17.1253	927360	928832
17.1444	928832	930304
17.1445	930304	931776
17.1446	931776	933248
17.1446	933248	934720
17.1447	934720	936192
17.1448	936192	937664
17.1448	937664	939136
17.1848	939136	940608
17.1849	940608	942080
17.185	942080	943552
17.1851	943552	945024
17.1851	945024	946496
17.1852	946496	947968
17.1853	947968	949440
17.2272	949440	950912
17.2273	950912	952384
17.2274	952384	953856
17.2274	953856	955328
17.2275	955328	956800
17.2276	956800	958272
17.2277	958272	959744
17.2327	959744	961216
17.2776	961216	962688
17.2776	962688	964160
17.2777	964160	965632
17.2778	965632	967104
17.2779	967104	968576
17.278	968576	970048
17.2808	970048	971520
17.2993	971520	972992
17.2994	972992	974464
17.2995	974464	975936
17.3258	975936	977408
17.3259	977408	978880
17.3439	978880	980352
17.344	980352	981824
17.344	981824	983296
17.3441	983296	984768
17.3442	984768	986240
17.3594	986240	987712
17.3595	987712	989184
17.3596	989184	990656
17.3597	990656	992128
17.4061	992128	993600
17.4062	993600	995072
17.4063	995072	996544
17.4064	996544	998016
17.4064	998016	999488
17.4065	999488	1000960
17.4517	1000960	1002432
17.4518	1002432	1003904
17.4519	1003904	1005376
17.4519	1005376	1006848
17.452	1006848	1008320
17.4521	1008320	1009792
17.4522	1009792	1011264
17.4646	1011264	1012736
17.4928	1012736	1014208
17.4929	1014208	1015680
17.493	1015680	1017152
17.4931	1017152	1018624
17.4932	1018624	1020096
17.5155	1020096	1021568
17.5156	1021568	1023040
17.5157	1023040	1024512
17.5158	1024512	1025984
17.5158	1025984	1027456
17.5159	1027456	1028928
17.5302	1028928	1030400
17.5647	1030400	1031872
17.5648	1031872	1033344
17.5648	1033344	1034816
17.5955	1034816	1036288
17.5956	1036288	1037760
17.5957	1037760	1039232
17.5958	1039232	1040704
17.5958	1040704	1042176
17.5959	1042176	1043648
17.596	1043648	1045120
17.6429	1045120	1046592
17.643	1046592	1048064
17.643	1048064	1049536
17.6431	1049536	1051008
17.6432	1051008	1052480
17.6433	1052480	1053952
17.6495	1053952	1055424
17.6689	1055424	1056896
17.669	1056896	1058368
17.669	1058368	1059840
17.6691	1059840	1061312
17.7211	1061312	1062784
17.7211	1062784	1064256
17.7212	1064256	1065728
17.7213	1065728	1067200
17.7214	1067200	1068672
17.7215	1068672	1070144
17.7277	1070144	1071616
17.7897	1071616	1073088
17.7898	1073088	1074560
17.7899	1074560	1076032
17.79	1076032	1077504
17.79	1077504	1078976
17.7901	1078976	1080448
17.7902	1080448	1081920
17.7969	1081920	1083392
17.8132	1083392	1084864
17.8133	1084864	1086336
17.8134	1086336	1087808
17.8722	1087808	1089280
17.8723	1089280	1090752
17.8724	1090752	1092224
17.8725	1092224	1093696
17.8725	1093696	1095168
17.8726	1095168	1096640
17.8805	1096640	1098112
17.8806	1098112	1099584
17.9234	1099584	1101056
17.9235	1101056	1102528
17.9236	1102528	1104000
17.9236	1104000	1105472
17.9237	1105472	1106944
17.9238	1106944	1108416
17.928	1108416	1109888
17.9536	1109888	1111360
17.9536	1111360	1112832
17.9537	1112832	1114304
17.9538	1114304	1115776
17.9539	1115776	1117248
17.971	1117248	1118720
17.9711	1118720	1120192
17.9712	1120192	1121664
17.9713	1121664	1123136
17.9714	1123136	1124608
17.9804	1124608	1126080
18.0162	1126080	1127552
18.0163	1127552	1129024
18.0164	1129024	1130496
18.0165	1130496	1131968
18.0166	1131968	1133440
18.0167	1133440	1134912
18.0445	1134912	1136384
18.0446	1136384	1137856
18.0447	1137856	1139328
18.0448	1139328	1140800
18.0517	1140800	1142272
18.0716	1142272	1143744
18.0717	1143744	1145216
18.0718	1145216	1146688
18.0771	1146688	1148160
18.0772	1148160	1149632
18.0773	1149632	1151104
18.0876	1151104	1152576
18.1393	1152576	1154048
18.1394	1154048	1155520
18.1395	1155520	1156992
18.1396	1156992	1158464
18.1396	1158464	1159936
18.1397	1159936	1161408
18.1535	1161408	1162880
18.1885	1162880	1164352
18.1886	1164352	1165824
18.1887	1165824	1167296
18.1888	1167296	1168768
18.1889	1168768	1170240
18.189	1170240	1171712
18.2231	1171712	1173184
18.2232	1173184	1174656
18.2233	1174656	1176128
18.2234	1176128	1177600
18.2235	1177600	1179072
18.2676	1179072	1180544
18.2677	1180544	1182016
18.2678	1182016	1183488
18.2679	1183488	1184960
18.268	1184960	1186432
18.2681	1186432	1187904
18.2955	1187904	1189376
18.2956	1189376	1190848
18.2957	1190848	1192320
18.3273	1192320	1193792
18.3274	1193792	1195264
18.3275	1195264	1196736
18.3275	1196736	1198208
18.3352	1198208	1199680
18.3353	1199680	1201152
18.3354	1201152	1202624
18.3506	1202624	1204096
18.3507	1204096	1205568
18.3508	1205568	1207040
18.3792	1207040	1208512
18.3793	1208512	1209984
18.3794	1209984	1211456
18.3795	1211456	1212928
18.4122	1212928	1214400
18.4123	1214400	1215872
18.4124	1215872	1217344
18.4125	1217344	1218816
18.4126	1218816	1220288
18.4161	1220288	23552
18.4415	23552	16192
18.4415	16192	17664
18.4487	17664	19136
18.4614	19136	20608
18.4615	20608	22080
18.4701	22080	23552
18.4701	23552	25024
18.4923	25024	26496
18.4923	26496	27968
18.4967	27968	29440
18.5269	29440	30912
18.5269	30912	32384
18.5269	32384	33856
18.5269	33856	35328
18.527	35328	36800
18.5415	36800	38272
18.5416	38272	39744
18.5704	39744	41216
18.5704	41216	42688
18.5704	42688	44160
18.5704	44160	45632
18.5705	45632	47104
18.5852	47104	48576
18.5852	48576	50048
18.5853	50048	51520
18.6075	51520	52992
18.6075	52992	54464
18.6076	54464	55936
18.6224	55936	57408
18.6225	57408	58880
18.6225	58880	60352
18.6342	60352	61824
18.6342	61824	63296
18.6343	63296	64768
18.6687	64768	66240
18.6688	66240	67712
18.6689	67712	69184
18.669	69184	70656
18.6948	70656	72128
18.6948	72128	73600
18.6949	73600	75072
18.6949	75072	76544
18.7174	76544	78016
18.7174	78016	79488
18.7175	79488	80960
18.7176	80960	82432
18.7593	82432	83904
18.7593	83904	85376
18.7593	85376	86848
18.7594	86848	88320
18.7594	88320	89792
18.7595	89792	91264
18.8016	91264	92736
18.8017	92736	94208
18.8017	94208	95680
18.8017	95680	97152
18.8018	97152	98624
18.8019	98624	100096
18.802	100096	101568
18.8455	101568	103040
18.8455	103040	104512
18.8456	104512	105984
18.8456	105984	107456
18.8457	107456	108928
18.8458	108928	110400
18.8459	110400	111872
18.8687	111872	113344
18.8687	113344	114816
18.8996	114816	116288
18.8997	116288	117760
18.8997	117760	119232
18.8998	119232	120704
18.8999	120704	122176
18.9	122176	123648
18.9407	123648	125120
18.9407	125120	126592
18.9407	126592	128064
18.9408	128064	129536
18.9409	129536	131008
18.9409	131008	132480
18.941	132480	133952
18.9412	133952	135424
19.0033	135424	136896
19.0033	136896	138368
19.0033	138368	139840
19.0034	139840	141312
19.0035	141312	142784
19.0035	142784	144256
19.0036	144256	145728
19.0037	145728	147200
19.0566	147200	148672
19.0566	148672	150144
19.0567	150144	151616
19.0567	151616	153088
19.0568	153088	154560
19.0569	154560	156032
19.0569	156032	157504
19.057	157504	158976
19.0608	158976	160448
19.077	160448	161920
19.0771	161920	163392
19.1056	163392	164864
19.1057	164864	166336
19.1058	166336	167808
19.1059	167808	169280
19.1172	169280	170752
19.1525	170752	172224
19.1525	172224	173696
19.1526	173696	175168
19.1527	175168	176640
19.1527	176640	178112
19.1528	178112	179584
19.153	179584	181056
19.2003	181056	182528
19.2003	182528	184000
19.2004	184000	185472
19.2005	185472	186944
19.2006	186944	188416
19.2007	188416	189888
19.251	189888	191360
19.2511	191360	192832
19.2511	192832	194304
19.2512	194304	195776
19.2513	195776	197248
19.2514	197248	198720
19.2515	198720	200192
19.2569	200192	201664
19.2701	201664	203136
19.2702	203136	204608
19.2928	204608	206080
19.2929	206080	207552
19.3039	207552	209024
19.304	209024	210496
19.3189	210496	211968
19.3189	211968	213440
19.3191	213440	214912
19.3617	214912	216384
19.3617	216384	217856
19.3618	217856	219328
19.3619	219328	220800
19.362	220800	222272
19.3621	222272	223744
19.4023	223744	225216
19.4023	225216	226688
19.4024	226688	228160
19.4025	228160	229632
19.4026	229632	231104
19.4027	231104	232576
19.4073	232576	234048
19.4511	234048	235520
19.4512	235520	236992
19.4512	236992	238464
19.4513	238464	239936
19.4514	239936	241408
19.4516	241408	242880
19.5067	242880	244352
19.5067	244352	245824
19.5068	245824	247296
19.5069	247296	248768
19.507	248768	250240
19.5071	250240	251712
19.5608	251712	253184
19.5608	253184	254656
19.5609	254656	256128
19.5609	256128	257600
19.561	257600	259072
19.5611	259072	260544
19.5612	260544	262016
19.5707	262016	263488
19.5707	263488	264960
19.599	264960	266432
19.599	266432	267904
19.5991	267904	269376
19.6306	269376	270848
19.6307	270848	272320
19.6308	272320	273792
19.6308	273792	275264
19.631	275264	276736
19.6311	276736	278208
19.6739	278208	279680
19.674	279680	281152
19.6741	281152	282624
19.6742	282624	284096
19.6743	284096	285568
19.6744	285568	287040
19.7245	287040	288512
19.7246	288512	289984
19.7247	289984	291456
19.7247	291456	292928
19.7248	292928	294400
19.7249	294400	295872
19.7516	295872	297344
19.7517	297344	298816
19.7518	298816	300288
19.7846	300288	301760
19.7847	301760	303232
19.7848	303232	304704
19.7849	304704	306176
19.785	306176	307648
19.8304	307648	309120
19.8305	309120	310592
19.8306	310592	312064
19.8307	312064	313536
19.8308	313536	315008
19.8309	315008	316480
19.8807	316480	317952
19.8808	317952	319424
19.8809	319424	320896
19.881	320896	322368
19.8811	322368	323840
19.8812	323840	325312
19.9259	325312	326784
19.9259	326784	328256
19.926	328256	329728
19.9261	329728	331200
19.9262	331200	332672
19.9263	332672	334144
19.9477	334144	335616
19.9478	335616	337088
19.9479	337088	338560
19.9937	338560	340032
19.9937	340032	341504
19.9938	341504	342976
19.9939	342976	344448
19.994	344448	345920
19.9958	345920	347392
20.0513	347392	348864
20.0514	348864	350336
20.0514	350336	351808
20.0515	351808	353280
20.0516	353280	354752
20.0517	354752	356224
20.1043	356224	357696
20.1043	357696	359168
20.1044	359168	360640
20.1045	360640	362112
20.1045	362112	363584
20.1046	363584	365056
20.1048	365056	366528
20.113	366528	368000
20.1683	368000	369472
20.1683	369472	370944
20.1684	370944	372416
20.1685	372416	373888
20.1686	373888	375360
20.1687	375360	376832
20.2097	376832	378304
20.2097	378304	379776
20.2098	379776	381248
20.2099	381248	382720
20.21	382720	384192
20.2101	384192	385664
20.2373	385664	387136
20.2374	387136	388608
20.2375	388608	390080
20.2376	390080	391552
20.2377	391552	393024
20.2809	393024	394496
20.281	394496	395968
20.2811	395968	397440
20.2812	397440	398912
20.2814	398912	400384
20.2973	400384	401856
20.3091	401856	403328
20.3092	403328	404800
20.343	404800	406272
20.3431	406272	407744
20.3432	407744	409216
20.3433	409216	410688
20.351	410688	412160
20.3984	412160	413632
20.3985	413632	415104
20.3986	415104	416576
20.3987	416576	418048
20.3988	418048	419520
20.4189	419520	420992
20.4191	420992	422464
20.4192	422464	423936
20.4193	423936	425408
20.4646	425408	426880
20.4647	426880	428352
20.4648	428352	429824
20.4649	429824	431296
20.4672	431296	432768
20.5175	432768	434240
20.5176	434240	435712
20.5177	435712	437184
20.5178	437184	438656
20.5179	438656	440128
20.5524	440128	441600
20.5525	441600	443072
20.553	443072	444544
20.553	444544	446016
20.5731	446016	447488
20.5732	447488	448960
20.5733	448960	450432
20.6074	450432	451904
20.6075	451904	453376
20.6076	453376	454848
20.6077	454848	456320
20.6079	456320	457792
20.62	457792	459264
20.6689	459264	460736
20.6689	460736	462208
20.6691	462208	463680
20.6692	463680	465152
20.6693	465152	466624
20.6788	466624	468096
20.6964	468096	469568
20.7227	469568	471040
20.7228	471040	472512
20.723	472512	473984
20.7231	473984	475456
20.7481	475456	476928
20.7482	476928	478400
20.7859	478400	479872
20.7861	479872	481344
20.7862	481344	482816
20.7863	482816	484288
20.8282	484288	485760
20.8283	485760	487232
20.8284	487232	488704
20.8285	488704	490176
20.8287	490176	491648
20.8373	491648	493120
20.8868	493120	494592
20.8869	494592	496064
20.887	496064	497536
20.8871	497536	499008
20.8873	499008	500480
20.9042	500480	501952
20.9043	501952	503424
20.9488	503424	504896
20.9489	504896	506368
20.949	506368	507840
20.9491	507840	509312
20.962	509312	510784
20.9794	510784	512256
20.9795	512256	513728
