1.16422	98624	100096
1.16433	100096	101568
1.16445	101568	103040
1.16457	103040	104512
1.21036	104512	105984
1.21048	105984	107456
1.2106	107456	108928
1.2346	108928	110400
1.23472	110400	111872
1.23484	111872	113344
1.23496	113344	114816
1.28379	114816	116288
1.28391	116288	117760
1.28403	117760	119232
1.28414	119232	120704
1.32842	120704	122176
1.32854	122176	123648
1.32865	123648	125120
1.32877	125120	126592
1.34582	126592	128064
1.34594	128064	129536
1.39339	129536	131008
1.3935	131008	132480
1.39362	132480	133952
1.39374	133952	135424
1.39941	135424	136896
1.44589	136896	138368
1.446	138368	139840
1.44612	139840	141312
1.44624	141312	142784
1.46259	142784	144256
1.4627	144256	145728
1.48546	145728	147200
1.48558	147200	148672
1.4857	148672	150144
1.53063	150144	151616
1.53075	151616	153088
1.53087	153088	154560
1.53099	154560	156032
1.53686	156032	157504
1.57784	157504	158976
1.57796	158976	160448
1.57808	160448	161920
1.5782	161920	163392
1.5962	163392	164864
1.62117	164864	166336
1.62129	166336	167808
1.62141	167808	169280
1.62152	169280	170752
1.64442	170752	172224
1.64454	172224	173696
1.67715	173696	175168
1.67726	175168	176640
1.67738	176640	178112
1.6775	178112	179584
1.68419	179584	181056
1.69767	181056	182528
1.70906	182528	184000
1.70918	184000	185472
1.73461	185472	186944
1.73473	186944	188416
1.73485	188416	189888
1.7548	189888	191360
1.75492	191360	192832
1.75504	192832	194304
1.75515	194304	195776
1.80254	195776	197248
1.80266	197248	198720
1.80277	198720	200192
1.80289	200192	201664
1.8119	201664	203136
1.82292	203136	204608
1.85134	204608	206080
1.85146	206080	207552
1.85158	207552	209024
1.8517	209024	210496
1.9103	210496	211968
1.91042	211968	213440
1.91054	213440	214912
1.91066	214912	216384
1.91078	216384	217856
1.96573	217856	219328
1.96585	219328	220800
1.96597	220800	222272
1.96608	222272	223744
2.01006	223744	225216
2.01017	225216	226688
2.01029	226688	228160
2.01041	228160	229632
2.01053	229632	231104
2.03753	231104	232576
2.03765	232576	234048
2.04944	234048	235520
2.04955	235520	236992
2.0853	236992	238464
2.08542	238464	239936
2.08554	239936	241408
2.08566	241408	242880
2.08578	242880	244352
2.12034	244352	245824
2.12046	245824	247296
2.12058	247296	248768
2.1207	248768	250240
2.17246	250240	251712
2.17257	251712	253184
2.17269	253184	254656
2.17281	254656	256128
2.17293	256128	257600
2.20703	257600	259072
2.20715	259072	260544
2.20727	260544	262016
2.20738	262016	263488
2.22819	263488	264960
2.22831	264960	266432
2.24549	266432	267904
2.24561	267904	269376
2.24573	269376	270848
2.30215	270848	272320
2.30227	272320	273792
2.30239	273792	275264
2.30251	275264	276736
2.3073	276736	278208
2.36562	278208	279680
2.36574	279680	281152
2.36586	281152	282624
2.36597	282624	284096
2.41042	284096	285568
2.41054	285568	287040
2.41066	287040	288512
2.41078	288512	289984
2.4109	289984	291456
2.44995	291456	292928
2.45006	292928	294400
2.45018	294400	295872
2.4503	295872	297344
2.45545	297344	298816
2.49896	298816	300288
2.49908	300288	301760
2.4992	301760	303232
2.49931	303232	304704
2.54456	304704	306176
2.54468	306176	307648
2.5448	307648	309120
2.54491	309120	310592
2.54503	310592	312064
2.56361	312064	313536
2.59054	313536	315008
2.59066	315008	316480
2.59078	316480	317952
2.66393	317952	319424
2.66404	319424	320896
2.66416	320896	322368
2.66428	322368	323840
2.6644	323840	325312
2.72202	325312	326784
2.72214	326784	328256
2.72226	328256	329728
2.72238	329728	331200
2.72249	331200	332672
2.77113	332672	334144
2.77125	334144	335616
2.77137	335616	337088
2.77149	337088	338560
2.7716	338560	340032
2.82344	340032	341504
2.82356	341504	342976
2.82368	342976	344448
2.8238	344448	345920
2.82392	345920	347392
2.87093	347392	348864
2.87105	348864	350336
2.87117	350336	351808
2.87128	351808	353280
2.87637	353280	354752
2.95047	354752	356224
2.95059	356224	357696
2.9507	357696	359168
2.95082	359168	360640
2.99323	360640	362112
2.99335	362112	363584
2.99347	363584	365056
2.99359	365056	366528
2.99806	366528	368000
3.01052	368000	369472
3.05147	369472	370944
3.05159	370944	372416
3.05171	372416	373888
3.05183	373888	375360
3.05195	375360	376832
3.10148	376832	378304
3.1016	378304	379776
3.10172	379776	381248
3.10184	381248	382720
3.10195	382720	384192
3.14834	384192	385664
3.14846	385664	387136
3.14857	387136	388608
3.14869	388608	390080
3.15091	390080	391552
3.2018	391552	393024
3.20192	393024	394496
3.20204	394496	395968
3.20215	395968	397440
3.20227	397440	398912
3.24087	398912	400384
3.24099	400384	401856
3.2411	401856	403328
3.24122	403328	404800
3.25774	404800	406272
3.25786	406272	407744
3.27704	407744	409216
3.27716	409216	410688
3.27728	410688	412160
3.2774	412160	413632
3.32199	413632	415104
3.32211	415104	416576
3.32223	416576	418048
3.32235	418048	419520
3.34807	419520	420992
3.34819	420992	422464
3.34831	422464	423936
3.39288	423936	425408
3.393	425408	426880
3.39312	426880	428352
3.39324	428352	429824
3.43559	429824	431296
3.43571	431296	432768
3.43583	432768	434240
3.43595	434240	435712
3.43607	435712	437184
3.48523	437184	438656
3.48535	438656	440128
3.48547	440128	441600
3.48559	441600	443072
3.49243	443072	444544
3.51248	444544	446016
3.5126	446016	447488
3.51272	447488	448960
3.55783	448960	450432
3.55795	450432	451904
3.55807	451904	453376
3.55819	453376	454848
3.55831	454848	456320
3.60989	456320	457792
3.61001	457792	459264
3.61013	459264	460736
3.61025	460736	462208
3.65577	462208	463680
3.65589	463680	465152
3.65601	465152	466624
3.65612	466624	468096
3.67173	468096	469568
3.67185	469568	471040
3.71158	471040	472512
3.7184	472512	473984
3.7184	473984	475456
3.7184	475456	476928
3.75689	476928	478400
3.757	478400	479872
3.75712	479872	481344
3.75724	481344	482816
3.75736	482816	484288
3.80429	484288	485760
3.80441	485760	487232
3.80452	487232	488704
3.80464	488704	490176
3.84345	490176	491648
3.84357	491648	493120
3.84369	493120	494592
3.84381	494592	496064
3.89793	496064	497536
3.89805	497536	499008
3.89817	499008	500480
3.89829	500480	501952
3.89841	501952	503424
3.92111	503424	504896
3.95973	504896	506368
3.95985	506368	507840
3.95996	507840	509312
3.96008	509312	510784
4.00623	510784	512256
4.00634	512256	513728
4.00646	513728	515200
4.00658	515200	516672
4.04897	516672	518144
4.04908	518144	519616
4.0492	519616	521088
4.04932	521088	522560
4.04944	522560	524032
4.10947	524032	525504
4.10959	525504	526976
4.10971	526976	528448
4.10983	528448	529920
4.15646	529920	531392
4.15658	531392	532864
4.1567	532864	534336
4.15681	534336	535808
4.15693	535808	537280
4.21257	537280	538752
4.21269	538752	540224
4.21281	540224	541696
4.21293	541696	543168
4.21305	543168	544640
4.22107	544640	546112
4.26517	546112	547584
4.26529	547584	549056
4.2654	549056	550528
4.26552	550528	552000
4.30802	552000	553472
4.30814	553472	554944
4.30826	554944	556416
4.30838	556416	557888
4.3085	557888	559360
4.32385	559360	560832
4.32397	560832	562304
4.33737	562304	563776
4.37888	563776	565248
4.379	565248	566720
4.37912	566720	568192
4.37924	568192	569664
4.39443	569664	571136
4.39455	571136	572608
4.4527	572608	574080
4.45281	574080	575552
4.45293	575552	577024
4.45305	577024	578496
4.45317	578496	579968
4.50707	579968	581440
4.50718	581440	582912
4.5073	582912	584384
4.50742	584384	585856
4.516	585856	587328
4.54753	587328	588800
4.54765	588800	590272
4.55347	590272	591744
4.60135	591744	593216
4.60147	593216	594688
4.60159	594688	596160
4.60171	596160	597632
4.65181	597632	599104
4.65193	599104	600576
4.65205	600576	602048
4.65216	602048	603520
4.65228	603520	604992
4.69799	604992	606464
4.69811	606464	607936
4.69823	607936	609408
4.69835	609408	610880
4.73919	610880	612352
4.73931	612352	613824
4.73942	613824	615296
4.73954	615296	616768
4.77215	616768	618240
4.77227	618240	619712
4.77239	619712	621184
4.77251	621184	622656
4.82721	622656	624128
4.82733	624128	625600
4.82745	625600	627072
4.82756	627072	628544
4.83663	628544	630016
4.88341	630016	631488
4.88352	631488	632960
4.88364	632960	634432
4.88376	634432	635904
4.89003	635904	637376
4.90035	637376	638848
4.94069	638848	640320
4.94081	640320	641792
4.94092	641792	643264
4.94104	643264	644736
4.94116	644736	646208
5.00265	646208	647680
5.00277	647680	649152
5.00289	649152	650624
5.00301	650624	652096
5.04671	652096	653568
5.04683	653568	655040
5.04956	655040	656512
5.04956	656512	657984
5.04956	657984	659456
5.06556	659456	660928
5.08992	660928	662400
5.09003	662400	663872
5.09015	663872	665344
5.09027	665344	666816
5.09378	666816	668288
5.13398	668288	669760
5.13409	669760	671232
5.13421	671232	672704
5.13433	672704	674176
5.13833	674176	675648
5.18984	675648	677120
5.18995	677120	678592
5.19007	678592	680064
5.19019	680064	681536
5.19773	681536	683008
5.24402	683008	684480
5.24414	684480	685952
5.24425	685952	687424
5.24437	687424	688896
5.24449	688896	690368
5.29368	690368	691840
5.29379	691840	693312
5.29391	693312	694784
5.29403	694784	696256
5.34364	696256	697728
5.34376	697728	699200
5.34388	699200	700672
5.344	700672	702144
5.34412	702144	703616
5.34949	703616	705088
5.3965	705088	706560
5.39662	706560	708032
5.39674	708032	709504
5.39685	709504	710976
5.40679	710976	712448
5.45512	712448	713920
5.45523	713920	715392
5.45535	715392	716864
5.45547	716864	718336
5.50452	718336	719808
5.50464	719808	721280
5.50475	721280	722752
5.50487	722752	724224
5.50499	724224	725696
5.5095	725696	727168
5.5363	727168	728640
5.53642	728640	730112
5.54782	730112	731584
5.56504	731584	733056
5.56516	733056	734528
5.60902	734528	736000
5.60914	736000	737472
5.60926	737472	738944
5.60938	738944	740416
5.6095	740416	741888
5.66236	741888	743360
5.66248	743360	744832
5.6626	744832	746304
5.66272	746304	747776
5.66584	747776	749248
5.69733	749248	750720
5.69745	750720	752192
5.69757	752192	753664
5.74308	753664	755136
5.7432	755136	756608
5.74331	756608	758080
5.74343	758080	759552
5.74355	759552	761024
5.7619	761024	762496
5.79508	762496	763968
5.7952	763968	765440
5.79532	765440	766912
5.79543	766912	768384
5.84541	768384	769856
5.84553	769856	771328
5.84565	771328	772800
5.84577	772800	774272
5.84589	774272	775744
5.85333	775744	777216
5.875	777216	778688
5.87512	778688	780160
5.87524	780160	781632
5.92377	781632	783104
5.92389	783104	784576
5.924	784576	786048
5.92434	786048	787520
5.96902	787520	788992
5.96914	788992	790464
5.96926	790464	791936
5.96938	791936	793408
5.97326	793408	794880
6.02328	794880	796352
6.0234	796352	797824
6.02352	797824	799296
6.02364	799296	800768
6.07183	800768	802240
6.07195	802240	803712
6.07207	803712	805184
6.07219	805184	806656
6.08708	806656	808128
6.0872	808128	809600
6.13887	809600	811072
6.13898	811072	812544
6.1391	812544	814016
6.13922	814016	815488
6.14259	815488	816960
6.18446	816960	818432
6.18458	818432	819904
6.1847	819904	821376
6.18482	821376	822848
6.235	822848	824320
6.23511	824320	825792
6.23523	825792	827264
6.23535	827264	828736
6.27783	828736	830208
6.27795	830208	831680
6.27806	831680	833152
6.27818	833152	834624
6.2783	834624	836096
6.3336	836096	837568
6.33372	837568	839040
6.33383	839040	840512
6.33395	840512	841984
6.3408	841984	843456
6.39386	843456	844928
6.39398	844928	846400
6.3941	846400	847872
6.39421	847872	849344
6.39433	849344	850816
6.40642	850816	852288
6.40654	852288	853760
6.45167	853760	855232
6.45178	855232	856704
6.4519	856704	858176
6.45202	858176	859648
6.46135	859648	861120
6.47648	861120	862592
6.52035	862592	864064
6.52047	864064	865536
6.52059	865536	867008
6.52071	867008	868480
6.52082	868480	869952
6.56981	869952	871424
6.56992	871424	872896
6.57004	872896	874368
6.57016	874368	875840
6.58015	875840	877312
6.58027	877312	878784
6.62651	878784	880256
6.62663	880256	881728
6.62674	881728	883200
6.62686	883200	884672
6.63182	884672	886144
6.66283	886144	887616
6.66295	887616	889088
6.66307	889088	890560
6.73632	890560	892032
6.73644	892032	893504
6.73656	893504	894976
6.73668	894976	896448
6.75608	896448	897920
6.7562	897920	899392
6.77881	899392	900864
6.77893	900864	902336
6.77904	902336	903808
6.82706	903808	905280
6.82718	905280	906752
6.8273	906752	908224
6.82742	908224	909696
6.82754	909696	911168
6.88569	911168	912640
6.88581	912640	914112
6.88593	914112	915584
6.88604	915584	917056
6.88616	917056	918528
6.93663	918528	920000
6.93675	920000	921472
6.93687	921472	922944
6.93698	922944	924416
6.9371	924416	925888
6.9494	925888	927360
6.97234	927360	928832
6.97246	928832	930304
6.97258	930304	931776
7.01354	931776	933248
7.01366	933248	934720
7.01378	934720	936192
7.02511	936192	937664
7.07113	937664	939136
7.07125	939136	940608
7.07137	940608	942080
7.07148	942080	943552
7.08018	943552	945024
7.0803	945024	946496
7.1257	946496	947968
7.12582	947968	949440
7.12594	949440	950912
7.12605	950912	952384
7.16346	952384	953856
7.16358	953856	955328
7.16369	955328	956800
7.21207	956800	958272
7.21219	958272	959744
7.21231	959744	961216
7.21242	961216	962688
7.21254	962688	964160
7.22649	964160	965632
7.24922	965632	967104
7.24934	967104	968576
7.24946	968576	970048
7.29398	970048	971520
7.2941	971520	972992
7.29422	972992	974464
7.29434	974464	975936
7.29804	975936	977408
7.35669	977408	978880
7.35681	978880	980352
7.35693	980352	981824
7.35705	981824	983296
7.40336	983296	984768
7.40348	984768	986240
7.4036	986240	987712
7.40372	987712	989184
7.44705	989184	990656
7.44717	990656	992128
7.44729	992128	993600
7.4474	993600	995072
7.44752	995072	996544
7.50411	996544	998016
7.50422	998016	999488
7.50434	999488	1000960
7.50446	1000960	1002432
7.5471	1002432	1003904
7.54722	1003904	1005376
7.54734	1005376	1006848
7.54746	1006848	1008320
7.54758	1008320	1009792
7.5838	1009792	1011264
7.58392	1011264	1012736
7.58404	1012736	1014208
7.60181	1014208	1015680
7.66306	1015680	1017152
7.66318	1017152	1018624
7.66329	1018624	1020096
7.66341	1020096	1021568
7.66353	1021568	1023040
7.71708	1023040	1024512
7.7172	1024512	1025984
7.71732	1025984	1027456
7.71744	1027456	1028928
7.71997	1028928	1030400
7.72611	1030400	1031872
7.76967	1031872	1033344
7.76979	1033344	1034816
7.76991	1034816	1036288
7.77003	1036288	1037760
7.77836	1037760	1039232
7.80121	1039232	1040704
7.80133	1040704	1042176
7.80144	1042176	1043648
7.82697	1043648	1045120
7.82709	1045120	1046592
7.82721	1046592	1048064
7.85556	1048064	1049536
7.85567	1049536	1051008
7.85579	1051008	1052480
7.88972	1052480	1053952
7.88984	1053952	1055424
7.88996	1055424	1056896
7.89008	1056896	1058368
7.93836	1058368	1059840
7.93847	1059840	1061312
7.93859	1061312	1062784
7.93871	1062784	1064256
7.94085	1064256	1065728
7.97178	1065728	1067200
7.9719	1067200	1068672
7.97201	1068672	1070144
7.97213	1070144	1071616
7.97225	1071616	1073088
7.97958	1073088	1074560
8.00648	1074560	1076032
8.0066	1076032	1077504
8.00671	1077504	1078976
8.00683	1078976	1080448
8.01292	1080448	1081920
8.02109	1081920	1083392
8.05183	1083392	1084864
8.05195	1084864	1086336
8.05207	1086336	1087808
8.05219	1087808	1089280
8.10414	1089280	1090752
8.10425	1090752	1092224
8.10437	1092224	1093696
8.10449	1093696	1095168
8.14134	1095168	1096640
8.14146	1096640	1098112
8.14158	1098112	1099584
8.1417	1099584	1101056
8.14182	1101056	1102528
8.17916	1102528	1104000
8.17928	1104000	1105472
8.1794	1105472	1106944
8.17952	1106944	1108416
8.21452	1108416	1109888
8.21854	1109888	1111360
8.21854	1111360	1112832
8.21854	1112832	1114304
8.21854	1114304	1115776
8.25971	1115776	1117248
8.25983	1117248	1118720
8.25995	1118720	1120192
8.26007	1120192	1121664
8.28207	1121664	1123136
8.28219	1123136	1124608
8.28231	1124608	1126080
8.28243	1126080	1127552
8.33245	1127552	1129024
8.33257	1129024	1130496
8.33269	1130496	1131968
8.33281	1131968	1133440
8.33293	1133440	1134912
8.38751	1134912	1136384
8.38763	1136384	1137856
8.38775	1137856	1139328
8.38787	1139328	1140800
8.39614	1140800	1142272
8.43901	1142272	1143744
8.43913	1143744	1145216
8.44165	1145216	1146688
8.44165	1146688	1148160
8.48763	1148160	1149632
8.48775	1149632	1151104
8.48787	1151104	1152576
8.48798	1152576	1154048
8.4881	1154048	1155520
8.51985	1155520	1156992
8.51997	1156992	1158464
8.5475	1158464	1159936
8.54762	1159936	1161408
8.54773	1161408	1162880
8.57687	1162880	1164352
8.57698	1164352	1165824
8.5771	1165824	1167296
8.58035	1167296	1168768
8.58035	1168768	1170240
8.62524	1170240	1171712
8.62536	1171712	1173184
8.62548	1173184	1174656
8.6256	1174656	1176128
8.67518	1176128	1177600
8.6753	1177600	1179072
8.67542	1179072	1180544
8.67553	1180544	1182016
8.67565	1182016	1183488
8.73443	1183488	1184960
8.73455	1184960	1186432
8.73467	1186432	1187904
8.73478	1187904	1189376
8.7349	1189376	1190848
8.79149	1190848	1192320
8.79161	1192320	1193792
8.79172	1193792	1195264
8.79184	1195264	1196736
8.79196	1196736	1198208
8.80363	1198208	1199680
8.84461	1199680	1201152
8.84472	1201152	1202624
8.84484	1202624	1204096
8.84496	1204096	1205568
8.84508	1205568	1207040
8.88703	1207040	1208512
8.88715	1208512	1209984
8.88727	1209984	1211456
8.88738	1211456	1212928
8.89894	1212928	1214400
8.9244	1214400	1215872
8.92452	1215872	1217344
8.92463	1217344	1218816
8.92475	1218816	1220288
8.94817	1220288	1221760
8.94828	1221760	1223232
8.96539	1223232	1224704
8.96551	1224704	1226176
8.9772	1226176	1227648
8.9944	1227648	1229120
8.99452	1229120	1230592
8.99464	1230592	1232064
9.05252	1232064	1233536
9.05264	1233536	1235008
9.05276	1235008	1236480
9.05287	1236480	1237952
9.05299	1237952	1239424
9.05943	1239424	1240896
9.11531	1240896	1242368
9.11542	1242368	1243840
9.11554	1243840	1245312
9.11566	1245312	1246784
9.13019	1246784	1248256
9.17784	1248256	1249728
9.17796	1249728	1251200
9.17808	1251200	1252672
9.17819	1252672	1254144
9.17831	1254144	1255616
9.23257	1255616	1257088
9.23269	1257088	1258560
9.23281	1258560	1260032
9.23292	1260032	1261504
9.25452	1261504	1262976
9.25464	1262976	1264448
9.25476	1264448	1265920
9.29609	1265920	1267392
9.29621	1267392	1268864
9.29632	1268864	1270336
9.29644	1270336	1271808
9.30594	1271808	1273280
9.34956	1273280	1274752
9.34968	1274752	1276224
9.35504	1276224	1277696
9.35504	1277696	1279168
9.40492	1279168	1280640
9.40504	1280640	1282112
9.40516	1282112	1283584
9.40527	1283584	1285056
9.40539	1285056	1286528
9.45092	1286528	1288000
9.45104	1288000	1289472
9.45116	1289472	1290944
9.45128	1290944	1292416
9.50089	1292416	1293888
9.50101	1293888	1295360
9.50112	1295360	1296832
9.50124	1296832	1298304
9.50553	1298304	1299776
9.55103	1299776	1301248
9.55115	1301248	1302720
9.55127	1302720	1304192
9.55139	1304192	1305664
9.56184	1305664	1307136
9.56196	1307136	1308608
9.60721	1308608	1310080
9.60733	1310080	1311552
9.61288	1311552	1313024
9.61288	1313024	1314496
9.66065	1314496	1315968
9.66077	1315968	1317440
9.66089	1317440	1318912
9.66101	1318912	1320384
9.66112	1320384	1321856
9.66616	1321856	1323328
9.69102	1323328	1324800
9.70287	1324800	1326272
9.70299	1326272	1327744
9.74347	1327744	1329216
9.74359	1329216	1330688
9.74371	1330688	1332160
9.74383	1332160	1333632
9.74972	1333632	1335104
9.7986	1335104	1336576
9.79872	1336576	1338048
9.79883	1338048	1339520
9.79895	1339520	1340992
9.81903	1340992	1342464
9.81915	1342464	1343936
9.86492	1343936	1345408
9.86504	1345408	1346880
9.86516	1346880	1348352
9.86705	1348352	1349824
9.86707	1349824	1351296
9.90714	1351296	1352768
9.90725	1352768	1354240
9.90737	1354240	1355712
9.90749	1355712	1357184
9.92643	1357184	1358656
9.92655	1358656	1360128
9.94601	1360128	1361600
9.95769	1361600	1363072
9.95781	1363072	1364544
9.98617	1364544	1366016
9.98628	1366016	1367488
9.9864	1367488	1368960
9.98652	1368960	1370432
10.0335	1370432	1371904
10.0336	1371904	1373376
10.0337	1373376	1374848
10.0338	1374848	1376320
10.0823	1376320	1377792
10.0824	1377792	1379264
10.0825	1379264	1380736
10.0826	1380736	1382208
10.0827	1382208	1383680
10.1013	1383680	1385152
10.1127	1385152	1386624
10.1494	1386624	1388096
10.1495	1388096	1389568
10.1496	1389568	1391040
10.1684	1391040	1392512
10.1686	1392512	1393984
10.1687	1393984	1395456
10.2136	1395456	1396928
10.2963	1396928	1398400
10.2964	1398400	1399872
10.2966	1399872	1401344
10.3157	1401344	1402816
10.3158	1402816	1404288
10.3159	1404288	1405760
10.316	1405760	1407232
10.3447	1407232	1408704
10.368	1408704	1410176
10.368	1410176	1411648
10.3681	1411648	1413120
10.3682	1413120	1414592
10.375	1414592	1416064
10.385	1416064	1417536
10.3963	1417536	1419008
10.3965	1419008	1420480
10.3966	1420480	1421952
10.4404	1421952	1423424
10.4406	1423424	1424896
10.4407	1424896	1426368
10.4408	1426368	1427840
10.465	1427840	1429312
10.4651	1429312	1430784
10.4652	1430784	1432256
10.4653	1432256	1433728
10.5057	1433728	1435200
10.5058	1435200	1436672
10.506	1436672	1438144
10.5061	1438144	1439616
10.5062	1439616	1441088
10.5234	1441088	1442560
10.5556	1442560	1444032
10.5557	1444032	1445504
10.5558	1445504	1446976
10.5687	1446976	1448448
10.5688	1448448	1449920
10.6201	1449920	1451392
10.6202	1451392	1452864
10.6204	1452864	1454336
10.6205	1454336	1455808
10.6242	1455808	1457280
10.6315	1457280	1458752
10.6852	1458752	1460224
10.6853	1460224	1461696
10.6854	1461696	1463168
10.6855	1463168	1464640
10.7296	1464640	1466112
10.7297	1466112	1467584
10.7298	1467584	1469056
10.7299	1469056	1470528
10.7391	1470528	1472000
10.7821	1472000	1473472
10.7823	1473472	1474944
10.7901	1474944	1476416
10.7901	1476416	1477888
10.7927	1477888	1479360
10.7928	1479360	1480832
10.8036	1480832	1482304
10.8037	1482304	1483776
10.8195	1483776	1485248
10.8544	1485248	1486720
10.8545	1486720	1488192
10.8546	1488192	1489664
10.8547	1489664	1491136
10.8577	1491136	1492608
10.9191	1492608	1494080
10.9192	1494080	1495552
10.9193	1495552	1497024
10.9194	1497024	1498496
10.9678	1498496	1499968
10.9679	1499968	1501440
10.968	1501440	1502912
10.9682	1502912	1504384
10.9683	1504384	1505856
11.0029	1505856	1507328
11.003	1507328	1508800
11.0464	1508800	1510272
11.0465	1510272	1511744
11.0466	1511744	1513216
11.0468	1513216	1514688
11.0541	1514688	1516160
11.1036	1516160	1517632
11.1037	1517632	1519104
11.1038	1519104	1520576
11.104	1520576	1522048
11.1524	1522048	1523520
11.1525	1523520	1524992
11.1526	1524992	1526464
11.1527	1526464	1527936
11.1771	1527936	1529408
11.1772	1529408	1530880
11.1948	1530880	1532352
11.1949	1532352	1533824
11.2179	1533824	1535296
11.2347	1535296	1536768
11.2349	1536768	1538240
11.235	1538240	1539712
11.2351	1539712	1541184
11.2397	1541184	1542656
11.2734	1542656	1544128
11.2735	1544128	1545600
11.2736	1545600	1547072
11.2738	1547072	1548544
11.3243	1548544	1550016
11.3244	1550016	1551488
11.3245	1551488	1552960
11.3246	1552960	1554432
11.372	1554432	1555904
11.3721	1555904	1557376
11.3722	1557376	1558848
11.3724	1558848	1560320
11.3725	1560320	1561792
11.4267	1561792	1563264
11.4268	1563264	1564736
11.4269	1564736	1566208
11.4271	1566208	1567680
11.4272	1567680	1569152
11.4489	1569152	1570624
11.449	1570624	1572096
11.4609	1572096	1573568
11.461	1573568	1575040
11.4783	1575040	1576512
11.4785	1576512	1577984
11.5012	1577984	1579456
11.5014	1579456	1580928
11.524	1580928	1582400
11.5241	1582400	1583872
11.5242	1583872	1585344
11.5244	1585344	1586816
11.5764	1586816	1588288
11.5765	1588288	1589760
11.5766	1589760	1591232
11.5767	1591232	1592704
11.5768	1592704	1594176
11.6159	1594176	1595648
11.616	1595648	1597120
11.6161	1597120	1598592
11.6163	1598592	1600064
11.6378	1600064	1601536
11.638	1601536	1603008
11.6381	1603008	1604480
11.6967	1604480	1605952
11.6968	1605952	1607424
11.6969	1607424	1608896
11.697	1608896	1610368
11.7454	1610368	1611840
11.7455	1611840	1613312
11.7456	1613312	1614784
11.7457	1614784	1616256
11.7459	1616256	1617728
11.7522	1617728	1619200
11.8039	1619200	1620672
11.804	1620672	1622144
11.8041	1622144	1623616
11.8042	1623616	1625088
11.8131	1625088	1626560
11.8626	1626560	1628032
11.8627	1628032	1629504
11.8628	1629504	1630976
11.8629	1630976	1632448
11.8677	1632448	1633920
11.9185	1633920	1635392
11.9186	1635392	1636864
11.9187	1636864	1638336
11.9188	1638336	1639808
11.974	1639808	1641280
11.9741	1641280	1642752
11.9742	1642752	1644224
11.9743	1644224	1645696
11.9744	1645696	1647168
11.985	1647168	1648640
12.0291	1648640	1650112
12.0292	1650112	1651584
12.0293	1651584	1653056
12.0295	1653056	1654528
12.0743	1654528	1656000
12.0745	1656000	1657472
12.0746	1657472	1658944
12.0747	1658944	1660416
12.0748	1660416	1661888
12.1065	1661888	1663360
12.1066	1663360	1664832
12.1427	1664832	1666304
12.1428	1666304	1667776
12.1429	1667776	1669248
12.143	1669248	1670720
12.1937	1670720	1672192
12.1939	1672192	1673664
12.194	1673664	1675136
12.1941	1675136	1676608
12.1942	1676608	1678080
12.2031	1678080	1679552
12.2516	1679552	1681024
12.2517	1681024	1682496
12.2539	1682496	1683968
12.2539	1683968	1685440
12.3005	1685440	1686912
12.3006	1686912	1688384
12.3007	1688384	1689856
12.3008	1689856	1691328
12.3009	1691328	1692800
12.3123	1692800	1694272
12.323	1694272	1695744
12.3343	1695744	1697216
12.3344	1697216	1698688
12.3449	1698688	1700160
12.3756	1700160	1701632
12.3757	1701632	1703104
12.3758	1703104	1704576
12.3759	1704576	1706048
12.4114	1706048	1707520
12.4115	1707520	1708992
12.4117	1708992	1710464
12.4118	1710464	1711936
12.4119	1711936	1713408
12.4399	1713408	1714880
12.4401	1714880	1716352
12.4654	1716352	1717824
12.4655	1717824	1719296
12.4656	1719296	1720768
12.4905	1720768	1722240
12.4905	1722240	1723712
12.4906	1723712	1725184
12.4907	1725184	1726656
12.5343	1726656	1728128
12.5344	1728128	1729600
12.5366	1729600	1731072
12.5366	1731072	1732544
12.5366	1732544	1734016
12.5575	1734016	1735488
12.5576	1735488	1736960
12.5578	1736960	1738432
12.5969	1738432	1739904
12.597	1739904	1741376
12.5972	1741376	1742848
12.5973	1742848	1744320
12.5974	1744320	1745792
12.6603	1745792	1747264
12.6604	1747264	1748736
12.6606	1748736	1750208
12.6607	1750208	1751680
12.706	1751680	1753152
12.7061	1753152	1754624
12.7062	1754624	1756096
12.7064	1756096	1757568
12.7088	1757568	1759040
12.7551	1759040	1760512
12.7552	1760512	1761984
12.7553	1761984	1763456
12.7554	1763456	1764928
12.7952	1764928	1766400
12.7953	1766400	1767872
12.7955	1767872	1769344
12.7956	1769344	1770816
12.7957	1770816	1772288
12.8415	1772288	1773760
12.8416	1773760	1775232
12.8417	1775232	1776704
12.8418	1776704	1778176
12.8511	1778176	1779648
12.8512	1779648	1781120
12.8629	1781120	1782592
12.8743	1782592	1784064
12.9137	1784064	1785536
12.9139	1785536	1787008
12.914	1787008	1788480
12.9141	1788480	1789952
12.9336	1789952	1791424
12.9337	1791424	1792896
12.9454	1792896	1794368
12.9834	1794368	1795840
12.9835	1795840	1797312
12.9837	1797312	1798784
12.9838	1798784	1800256
12.9839	1800256	1801728
13.0069	1801728	1803200
13.007	1803200	1804672
13.0071	1804672	1806144
13.0568	1806144	1807616
13.0569	1807616	1809088
13.057	1809088	1810560
13.0571	1810560	1812032
13.0706	1812032	1813504
13.0822	1813504	1814976
13.1163	1814976	1816448
13.1165	1816448	1817920
13.1166	1817920	1819392
13.1167	1819392	1820864
13.1208	1820864	1822336
13.1666	1822336	1823808
13.1667	1823808	1825280
13.1668	1825280	1826752
13.167	1826752	1828224
13.1671	1828224	1829696
13.2129	1829696	1831168
13.213	1831168	1832640
13.2131	1832640	1834112
13.2133	1834112	1835584
13.2213	1835584	1837056
13.2245	1837056	1838528
13.2274	1838528	1840000
13.2551	1840000	1841472
13.2552	1841472	1842944
13.2553	1842944	1844416
13.2554	1844416	1845888
13.3053	1845888	1847360
13.3054	1847360	1848832
13.3056	1848832	1850304
13.3057	1850304	1851776
13.3058	1851776	1853248
13.3162	1853248	1854720
13.3574	1854720	1856192
13.3575	1856192	1857664
13.3576	1857664	1859136
13.3577	1859136	1860608
13.401	1860608	1862080
13.4011	1862080	1863552
13.4013	1863552	1865024
13.4014	1865024	1866496
13.4015	1866496	1867968
13.4511	1867968	1869440
13.4513	1869440	1870912
13.4514	1870912	1872384
13.4515	1872384	1873856
13.4516	1873856	1875328
13.5066	1875328	1876800
13.5067	1876800	1878272
13.5068	1878272	1879744
13.5069	1879744	1881216
13.5071	1881216	1882688
13.5252	1882688	1884160
13.569	1884160	1885632
13.5691	1885632	1887104
13.5692	1887104	1888576
13.5693	1888576	1890048
13.5694	1890048	1891520
13.5763	1891520	1892992
13.6097	1892992	1894464
13.6099	1894464	1895936
13.61	1895936	1897408
13.6101	1897408	1898880
13.6554	1898880	1900352
13.6555	1900352	1901824
13.6556	1901824	1903296
13.6557	1903296	1904768
13.6738	1904768	1906240
13.6739	1906240	1907712
13.674	1907712	1909184
13.7329	1909184	1910656
13.733	1910656	1912128
13.7332	1912128	1913600
13.7333	1913600	1915072
13.7336	1915072	1916544
13.7483	1916544	1918016
13.771	1918016	1919488
13.7711	1919488	1920960
13.7712	1920960	1922432
13.7713	1922432	1923904
13.7939	1923904	1925376
13.794	1925376	1926848
13.7941	1926848	1928320
13.8426	1928320	1929792
13.8427	1929792	1931264
13.8429	1931264	1932736
13.843	1932736	1934208
13.888	1934208	1935680
13.8881	1935680	1937152
13.8882	1937152	1938624
13.8883	1938624	1940096
13.8884	1940096	1941568
13.91	1941568	1943040
13.9472	1943040	1944512
13.9473	1944512	1945984
13.9475	1945984	1947456
13.9535	1947456	1948928
13.9535	1948928	1950400
13.9536	1950400	1951872
13.9986	1951872	1953344
13.9988	1953344	1954816
13.9989	1954816	1956288
13.999	1956288	1957760
14.042	1957760	1959232
14.0421	1959232	1960704
14.0422	1960704	1962176
14.0424	1962176	1963648
14.0786	1963648	1965120
14.0787	1965120	1966592
14.0788	1966592	1968064
14.0789	1968064	1969536
14.079	1969536	1971008
14.098	1971008	1972480
14.0981	1972480	1973952
14.1511	1973952	1975424
14.1512	1975424	1976896
14.1513	1976896	1978368
14.1515	1978368	1979840
14.1516	1979840	1981312
14.1964	1981312	1982784
14.1965	1982784	1984256
14.1966	1984256	1985728
14.1968	1985728	1987200
14.2261	1987200	1988672
14.2262	1988672	1990144
14.2263	1990144	1991616
14.2264	1991616	1993088
14.2266	1993088	1994560
14.2678	1994560	1996032
14.2679	1996032	1997504
14.268	1997504	1998976
14.2681	1998976	2000448
14.3039	2000448	2001920
14.304	2001920	2003392
14.3041	2003392	2004864
14.3042	2004864	2006336
14.3327	2006336	2007808
14.3328	2007808	2009280
14.3329	2009280	2010752
14.3742	2010752	2012224
14.3743	2012224	2013696
14.3744	2013696	2015168
14.3745	2015168	2016640
14.3932	2016640	2018112
14.3934	2018112	2019584
14.3935	2019584	2021056
14.4279	2021056	2022528
14.428	2022528	2024000
14.4281	2024000	2025472
14.4496	2025472	2026944
14.4497	2026944	2028416
14.4498	2028416	2029888
14.4561	2029888	2031360
14.4562	2031360	2032832
14.507	2032832	2034304
14.5071	2034304	2035776
14.5073	2035776	2037248
14.5074	2037248	2038720
14.5188	2038720	2040192
14.5534	2040192	2041664
14.5535	2041664	2043136
14.5536	2043136	2044608
14.5537	2044608	2046080
14.5538	2046080	2047552
14.5843	2047552	2049024
14.5844	2049024	2050496
14.5845	2050496	2051968
14.5846	2051968	2053440
14.6293	2053440	2054912
14.6294	2054912	2056384
14.6295	2056384	2057856
14.6296	2057856	2059328
14.637	2059328	2060800
14.6798	2060800	2062272
14.6799	2062272	2063744
14.6801	2063744	2065216
14.6802	2065216	2066688
14.689	2066688	2068160
14.6892	2068160	2069632
14.7341	2069632	2071104
14.7343	2071104	2072576
14.7344	2072576	2074048
14.7345	2074048	2075520
14.7587	2075520	2076992
14.7588	2076992	2078464
14.7589	2078464	2079936
14.759	2079936	2081408
14.8136	2081408	2082880
14.8137	2082880	2084352
14.8138	2084352	2085824
14.8139	2085824	2087296
14.814	2087296	2088768
14.8737	2088768	2090240
14.8738	2090240	2091712
14.8739	2091712	2093184
14.874	2093184	2094656
14.8742	2094656	2096128
14.9334	2096128	2097600
14.9335	2097600	2099072
14.9336	2099072	2100544
14.9337	2100544	2102016
14.9338	2102016	2103488
14.9428	2103488	2104960
14.9897	2104960	2106432
14.9898	2106432	2107904
14.9899	2107904	2109376
14.9901	2109376	2110848
14.9982	2110848	2112320
14.9983	2112320	2113792
15.0241	2113792	2115264
15.0339	2115264	2116736
15.0825	2116736	2118208
15.0826	2118208	2119680
15.0827	2119680	2121152
15.0828	2121152	2122624
15.1064	2122624	2124096
15.1066	2124096	2125568
15.1545	2125568	2127040
15.1546	2127040	2128512
15.1548	2128512	2129984
15.1549	2129984	2131456
15.1614	2131456	2132928
15.1661	2132928	2134400
15.1777	2134400	2135872
15.1891	2135872	2137344
15.2114	2137344	2138816
15.2115	2138816	2140288
15.231	2140288	2141760
15.2311	2141760	2143232
15.2313	2143232	2144704
15.238	2144704	2146176
15.2381	2146176	2147648
15.2847	2147648	2149120
15.2848	2149120	2150592
15.2849	2150592	2152064
15.285	2152064	2153536
15.2876	2153536	2155008
15.3339	2155008	2156480
15.334	2156480	2157952
15.3341	2157952	2159424
15.3342	2159424	2160896
15.4196	2160896	2162368
15.4197	2162368	2163840
15.4198	2163840	2165312
15.4199	2165312	2166784
15.4437	2166784	2168256
15.4439	2168256	2169728
15.444	2169728	2171200
15.4441	2171200	2172672
15.4442	2172672	2174144
15.4513	2174144	2175616
15.4778	2175616	2177088
15.4779	2177088	2178560
15.478	2178560	2180032
15.4781	2180032	2181504
15.4793	2181504	2182976
15.4978	2182976	2184448
15.4979	2184448	2185920
15.498	2185920	2187392
15.5023	2187392	2188864
15.5261	2188864	2190336
15.5262	2190336	2191808
15.5263	2191808	2193280
15.5313	2193280	2194752
15.5314	2194752	2196224
15.5452	2196224	2197696
15.5453	2197696	2199168
15.5638	2199168	2200640
15.5639	2200640	2202112
15.5747	2202112	2203584
15.5748	2203584	2205056
15.5749	2205056	2206528
15.6067	2206528	2208000
15.6068	2208000	2209472
15.6069	2209472	2210944
15.607	2210944	2212416
15.6197	2212416	2213888
15.6198	2213888	2215360
15.6317	2215360	2216832
15.6318	2216832	2218304
15.6649	2218304	2219776
15.665	2219776	2221248
15.6651	2221248	2222720
15.6652	2222720	2224192
15.7201	2224192	2225664
15.7202	2225664	2227136
15.7203	2227136	2228608
15.7204	2228608	2230080
15.7205	2230080	2231552
15.7384	2231552	2233024
15.7385	2233024	2234496
15.7452	2234496	2235968
15.7453	2235968	2237440
15.7686	2237440	2238912
15.7687	2238912	2240384
15.8038	2240384	2241856
15.804	2241856	2243328
15.8041	2243328	2244800
15.8042	2244800	2246272
15.8052	2246272	2247744
15.8368	2247744	2249216
15.8369	2249216	2250688
15.8766	2250688	2252160
15.8767	2252160	2253632
15.8769	2253632	2255104
15.877	2255104	2256576
15.8771	2256576	2258048
15.9147	2258048	2259520
15.9148	2259520	2260992
15.9149	2260992	2262464
15.9469	2262464	2263936
15.947	2263936	2265408
15.9472	2265408	2266880
15.9473	2266880	2268352
15.999	2268352	2269824
15.9991	2269824	2271296
15.9992	2271296	2272768
15.9993	2272768	2274240
15.9994	2274240	2275712
16.0352	2275712	2277184
16.0353	2277184	2278656
16.0354	2278656	2280128
16.0355	2280128	2281600
16.0798	2281600	2283072
16.0799	2283072	2284544
16.08	2284544	2286016
16.0801	2286016	2287488
16.1058	2287488	2288960
16.1059	2288960	2290432
16.1061	2290432	2291904
16.1399	2291904	2293376
16.14	2293376	2294848
16.1402	2294848	2296320
16.1403	2296320	2297792
16.1479	2297792	2299264
16.148	2299264	2300736
16.1968	2300736	2302208
16.1969	2302208	2303680
16.197	2303680	2305152
16.1971	2305152	2306624
16.2129	2306624	2308096
16.2553	2308096	2309568
16.2554	2309568	2311040
16.2555	2311040	2312512
16.2557	2312512	2313984
16.2631	2313984	2315456
16.2974	2315456	2316928
16.2975	2316928	2318400
16.2976	2318400	2319872
16.2977	2319872	2321344
16.3294	2321344	2322816
16.3295	2322816	2324288
16.3519	2324288	2325760
16.352	2325760	2327232
16.384	2327232	2328704
16.3841	2328704	2330176
16.3842	2330176	2331648
16.3844	2331648	2333120
16.3845	2333120	2334592
16.4257	2334592	2336064
16.4259	2336064	2337536
16.426	2337536	2339008
16.4263	2339008	2340480
16.4689	2340480	2341952
16.469	2341952	2343424
16.4691	2343424	2344896
16.4692	2344896	2346368
16.4693	2346368	2347840
16.5126	2347840	2349312
16.5127	2349312	2350784
16.5128	2350784	2352256
16.513	2352256	2353728
16.5541	2353728	2355200
16.5542	2355200	2356672
16.5543	2356672	2358144
16.5544	2358144	2359616
16.6029	2359616	2361088
16.6031	2361088	2362560
16.6032	2362560	2364032
16.6033	2364032	2365504
16.6034	2365504	2366976
16.6451	2366976	2368448
16.6452	2368448	2369920
16.6453	2369920	2371392
16.6454	2371392	2372864
16.6455	2372864	10304
16.6455	10304	8832
16.6455	8832	7655
16.6455	7655	5888
16.6516	5888	7360
16.671	7360	8832
16.671	8832	10304
16.6814	10304	11776
16.6815	11776	13248
16.6815	13248	14720
16.6892	14720	16192
16.6892	16192	17664
16.6893	17664	19136
16.6893	19136	20608
16.6893	20608	22080
16.7319	22080	23552
16.732	23552	25024
16.732	25024	26496
16.732	26496	27968
16.732	27968	29440
16.732	29440	30912
16.732	30912	32384
16.7424	32384	33856
16.7424	33856	35328
16.7424	35328	36800
16.7425	36800	38272
16.7425	38272	39744
16.7425	39744	41216
16.7597	41216	42688
16.7597	42688	44160
16.7597	44160	45632
16.7597	45632	47104
16.7598	47104	48576
16.7598	48576	50048
16.7599	50048	51520
16.7837	51520	52992
16.7837	52992	54464
16.7837	54464	55936
16.7837	55936	57408
16.7838	57408	58880
16.7838	58880	60352
16.7993	60352	61824
16.7993	61824	63296
16.7994	63296	64768
16.7994	64768	66240
16.8245	66240	67712
16.8245	67712	69184
16.8245	69184	70656
16.8245	70656	72128
16.8245	72128	73600
16.8246	73600	75072
16.8246	75072	76544
16.8247	76544	78016
16.8465	78016	79488
16.8465	79488	80960
16.8465	80960	82432
16.8466	82432	83904
16.8466	83904	85376
16.8467	85376	86848
16.871	86848	88320
16.871	88320	89792
16.871	89792	91264
16.871	91264	92736
16.8711	92736	94208
16.8711	94208	95680
16.8712	95680	97152
16.8713	97152	98624
16.877	98624	100096
16.8771	100096	101568
16.9353	101568	103040
16.9353	103040	104512
16.9353	104512	105984
16.9353	105984	107456
16.9354	107456	108928
16.9354	108928	110400
16.9354	110400	111872
16.9354	111872	113344
16.9355	113344	114816
16.9355	114816	116288
16.9355	116288	117760
16.9356	117760	119232
16.9356	119232	120704
16.9357	120704	122176
16.9416	122176	123648
16.9417	123648	125120
16.9811	125120	126592
16.9811	126592	128064
16.9812	128064	129536
16.9812	129536	131008
16.9812	131008	132480
16.9813	132480	133952
16.9813	133952	135424
16.9814	135424	136896
16.9814	136896	138368
16.9815	138368	139840
16.9815	139840	141312
16.9816	141312	142784
17.0241	142784	144256
17.0242	144256	145728
17.0242	145728	147200
17.0242	147200	148672
17.0243	148672	150144
17.0243	150144	151616
17.0244	151616	153088
17.0244	153088	154560
17.0245	154560	156032
17.0245	156032	157504
17.0246	157504	158976
17.0526	158976	160448
17.0527	160448	161920
17.0527	161920	163392
17.0528	163392	164864
17.0528	164864	166336
17.0529	166336	167808
17.0529	167808	169280
17.053	169280	170752
17.0531	170752	172224
17.0841	172224	173696
17.0841	173696	175168
17.0842	175168	176640
17.0842	176640	178112
17.0843	178112	179584
17.0844	179584	181056
17.0844	181056	182528
17.0845	182528	184000
17.0846	184000	185472
17.1077	185472	186944
17.1077	186944	188416
17.1078	188416	189888
17.1079	189888	191360
17.1079	191360	192832
17.108	192832	194304
17.1194	194304	195776
17.1194	195776	197248
17.1233	197248	198720
17.1233	198720	200192
17.1379	200192	201664
17.1379	201664	203136
17.138	203136	204608
17.1381	204608	206080
17.1382	206080	207552
17.1693	207552	209024
17.1694	209024	210496
17.1694	210496	211968
17.1695	211968	213440
17.1695	213440	214912
17.1696	214912	216384
17.1697	216384	217856
17.1993	217856	219328
17.1993	219328	220800
17.1993	220800	222272
17.1994	222272	223744
17.1995	223744	225216
17.1995	225216	226688
17.1996	226688	228160
17.1997	228160	229632
17.2308	229632	231104
17.2308	231104	232576
17.2309	232576	234048
17.2309	234048	235520
17.231	235520	236992
17.231	236992	238464
17.2311	238464	239936
17.2312	239936	241408
17.2327	241408	242880
17.2521	242880	244352
17.2522	244352	245824
17.2523	245824	247296
17.2523	247296	248768
17.2722	248768	250240
17.2723	250240	251712
17.2724	251712	253184
17.2918	253184	254656
17.2919	254656	256128
17.2919	256128	257600
17.292	257600	259072
17.292	259072	260544
17.2921	260544	262016
17.2922	262016	263488
17.2923	263488	264960
17.2956	264960	266432
17.3039	266432	267904
17.3303	267904	269376
17.3303	269376	270848
17.3304	270848	272320
17.3304	272320	273792
17.3305	273792	275264
17.3306	275264	276736
17.3307	276736	278208
17.3307	278208	279680
17.3429	279680	281152
17.3429	281152	282624
17.343	282624	284096
17.3763	284096	285568
17.3764	285568	287040
17.3764	287040	288512
17.3765	288512	289984
17.3766	289984	291456
17.3766	291456	292928
17.3767	292928	294400
17.3768	294400	295872
17.4311	295872	297344
17.4311	297344	298816
17.4311	298816	300288
17.4312	300288	301760
17.4312	301760	303232
17.4313	303232	304704
17.4313	304704	306176
17.4314	306176	307648
17.4314	307648	309120
17.4315	309120	310592
17.4316	310592	312064
17.4783	312064	313536
17.4783	313536	315008
17.4784	315008	316480
17.4784	316480	317952
17.4785	317952	319424
17.4785	319424	320896
17.4785	320896	322368
17.4786	322368	323840
17.4787	323840	325312
17.4787	325312	326784
17.4788	326784	328256
17.4997	328256	329728
17.4998	329728	331200
17.4998	331200	332672
17.4999	332672	334144
17.5392	334144	335616
17.5392	335616	337088
17.5393	337088	338560
17.5393	338560	340032
17.5394	340032	341504
17.5394	341504	342976
17.5395	342976	344448
17.5395	344448	345920
17.5396	345920	347392
17.5396	347392	348864
17.5397	348864	350336
17.5514	350336	351808
17.5515	351808	353280
17.5515	353280	354752
17.5845	354752	356224
17.5846	356224	357696
17.5846	357696	359168
17.5847	359168	360640
17.5847	360640	362112
17.5848	362112	363584
17.5848	363584	365056
17.5849	365056	366528
17.585	366528	368000
17.585	368000	369472
17.6025	369472	370944
17.6026	370944	372416
17.6026	372416	373888
17.6342	373888	375360
17.6342	375360	376832
17.6343	376832	378304
17.6343	378304	379776
17.6344	379776	381248
17.6344	381248	382720
17.6345	382720	384192
17.6346	384192	385664
17.6346	385664	387136
17.6347	387136	388608
17.6448	388608	390080
17.6667	390080	391552
17.6668	391552	393024
17.6669	393024	394496
17.6669	394496	395968
17.667	395968	397440
17.667	397440	398912
17.6764	398912	400384
17.6942	400384	401856
17.6942	401856	403328
17.6943	403328	404800
17.6947	404800	406272
17.6947	406272	407744
17.6947	407744	409216
17.7205	409216	410688
17.7206	410688	412160
17.7207	412160	413632
17.7207	413632	415104
17.7208	415104	416576
17.7208	416576	418048
17.7209	418048	419520
17.7393	419520	420992
17.7394	420992	422464
17.7395	422464	423936
17.7395	423936	425408
17.7396	425408	426880
17.7397	426880	428352
17.7397	428352	429824
17.7848	429824	431296
17.8077	431296	432768
17.8077	432768	434240
17.8078	434240	435712
17.8078	435712	437184
17.8079	437184	438656
17.8079	438656	440128
17.808	440128	441600
17.808	441600	443072
17.8081	443072	444544
17.8082	444544	446016
17.8082	446016	447488
17.8825	447488	448960
17.8826	448960	450432
17.8826	450432	451904
17.8826	451904	453376
17.8827	453376	454848
17.8827	454848	456320
17.8828	456320	457792
17.8828	457792	459264
17.8829	459264	460736
17.8829	460736	462208
17.8829	462208	463680
17.883	463680	465152
17.925	465152	466624
17.925	466624	468096
17.9251	468096	469568
17.9251	469568	471040
17.9251	471040	472512
17.9252	472512	473984
17.9252	473984	475456
17.9253	475456	476928
17.9253	476928	478400
17.9254	478400	479872
17.9254	479872	481344
17.928	481344	482816
17.9618	482816	484288
17.9618	484288	485760
17.9619	485760	487232
17.9619	487232	488704
17.962	488704	490176
17.962	490176	491648
17.9621	491648	493120
17.9621	493120	494592
17.9622	494592	496064
17.9622	496064	497536
17.9623	497536	499008
17.9841	499008	500480
17.9842	500480	501952
17.9842	501952	503424
17.9843	503424	504896
17.9941	504896	506368
17.9941	506368	507840
17.9942	507840	509312
17.9943	509312	510784
18.0067	510784	512256
18.0068	512256	513728
18.0068	513728	515200
18.0069	515200	516672
18.0485	516672	518144
18.0485	518144	519616
18.0485	519616	521088
18.0486	521088	522560
18.0487	522560	524032
18.0487	524032	525504
18.0488	525504	526976
18.0488	526976	528448
18.0489	528448	529920
18.0489	529920	531392
18.0645	531392	532864
18.0646	532864	534336
18.0995	534336	535808
18.0996	535808	537280
18.0996	537280	538752
18.0997	538752	540224
18.0997	540224	541696
18.0998	541696	543168
18.0998	543168	544640
18.0999	544640	546112
18.0999	546112	547584
18.1334	547584	549056
18.1335	549056	550528
18.1335	550528	552000
18.1336	552000	553472
18.1336	553472	554944
18.1337	554944	556416
18.1337	556416	557888
18.1603	557888	559360
18.1603	559360	560832
18.1604	560832	562304
18.1604	562304	563776
18.1605	563776	565248
18.1605	565248	566720
18.1923	566720	568192
18.1924	568192	569664
18.1924	569664	571136
18.1925	571136	572608
18.1926	572608	574080
18.1926	574080	575552
18.1927	575552	577024
18.1927	577024	578496
18.1928	578496	579968
18.2048	579968	581440
18.2048	581440	582912
18.2049	582912	584384
18.2254	584384	585856
18.2255	585856	587328
18.2255	587328	588800
18.2256	588800	590272
18.259	590272	591744
18.259	591744	593216
18.2591	593216	594688
18.2592	594688	596160
18.2592	596160	597632
18.2593	597632	599104
18.2609	599104	600576
18.2609	600576	602048
18.2609	602048	603520
18.261	603520	604992
18.289	604992	606464
18.289	606464	607936
18.2891	607936	609408
18.2892	609408	610880
18.2892	610880	612352
18.2893	612352	613824
18.3002	613824	615296
18.3003	615296	616768
18.3188	616768	618240
18.3189	618240	619712
18.3189	619712	621184
18.3573	621184	622656
18.3574	622656	624128
18.3575	624128	625600
18.3575	625600	627072
18.3576	627072	628544
18.3576	628544	630016
18.3577	630016	631488
18.3577	631488	632960
18.3578	632960	634432
18.3954	634432	635904
18.3955	635904	637376
18.3955	637376	638848
18.3956	638848	640320
18.3957	640320	641792
18.3957	641792	643264
18.3958	643264	644736
18.3958	644736	646208
18.3959	646208	647680
18.4003	647680	649152
18.4004	649152	650624
18.4092	650624	652096
18.436	652096	653568
18.4361	653568	655040
18.4362	655040	656512
18.4362	656512	657984
18.4363	657984	659456
18.4363	659456	660928
18.4364	660928	662400
18.4365	662400	663872
18.4366	663872	665344
18.449	665344	666816
18.4491	666816	668288
18.46	668288	669760
18.4806	669760	671232
18.4807	671232	672704
18.4808	672704	674176
18.4808	674176	675648
18.5089	675648	677120
18.509	677120	678592
18.509	678592	680064
18.5091	680064	681536
18.5091	681536	683008
18.5092	683008	684480
18.5093	684480	685952
18.5093	685952	687424
18.5094	687424	688896
18.5216	688896	690368
18.5276	690368	691840
18.5389	691840	693312
18.539	693312	694784
18.539	694784	696256
18.5391	696256	697728
18.5787	697728	699200
18.5788	699200	700672
18.5789	700672	702144
18.5789	702144	703616
18.579	703616	705088
18.579	705088	706560
18.5791	706560	708032
18.5792	708032	709504
18.5792	709504	710976
18.6276	710976	712448
18.6276	712448	713920
18.6277	713920	715392
18.6277	715392	716864
18.6278	716864	718336
18.6279	718336	719808
18.6279	719808	721280
18.628	721280	722752
18.6303	722752	724224
18.684	724224	725696
18.684	725696	727168
18.6841	727168	728640
18.6841	728640	730112
18.6842	730112	731584
18.6842	731584	733056
18.6843	733056	734528
18.6844	734528	736000
18.6844	736000	737472
18.6936	737472	738944
18.7422	738944	740416
18.7422	740416	741888
18.7423	741888	743360
18.7423	743360	744832
18.7424	744832	746304
18.7424	746304	747776
18.7425	747776	749248
18.7425	749248	750720
18.7426	750720	752192
18.7426	752192	753664
18.7587	753664	755136
18.7587	755136	756608
18.7588	756608	758080
18.8007	758080	759552
18.8008	759552	761024
18.8008	761024	762496
18.8009	762496	763968
18.801	763968	765440
18.801	765440	766912
18.8011	766912	768384
18.8011	768384	769856
18.8012	769856	771328
18.8012	771328	772800
18.8563	772800	774272
18.8563	774272	775744
18.8564	775744	777216
18.8564	777216	778688
18.8565	778688	780160
18.8566	780160	781632
18.8566	781632	783104
18.8567	783104	784576
18.8584	784576	786048
18.9135	786048	787520
18.9136	787520	788992
18.9136	788992	790464
18.9137	790464	791936
18.9137	791936	793408
18.9138	793408	794880
18.9138	794880	796352
18.9139	796352	797824
18.9139	797824	799296
18.914	799296	800768
18.914	800768	802240
18.9181	802240	803712
18.9308	803712	805184
18.9309	805184	806656
18.9535	806656	808128
18.9535	808128	809600
18.9536	809600	811072
18.9536	811072	812544
18.9537	812544	814016
18.9538	814016	815488
18.9538	815488	816960
18.9539	816960	818432
18.9539	818432	819904
19.0121	819904	821376
19.0122	821376	822848
19.0123	822848	824320
19.0123	824320	825792
19.0124	825792	827264
19.0124	827264	828736
19.0183	828736	830208
19.0183	830208	831680
19.0183	831680	833152
19.0183	833152	834624
19.0183	834624	836096
19.0645	836096	837568
19.0645	837568	839040
19.0646	839040	840512
19.0647	840512	841984
19.0647	841984	843456
19.0648	843456	844928
19.0648	844928	846400
19.0649	846400	847872
19.0649	847872	849344
19.065	849344	850816
19.1069	850816	852288
19.107	852288	853760
19.107	853760	855232
19.1071	855232	856704
19.1071	856704	858176
19.1072	858176	859648
19.1072	859648	861120
19.1073	861120	862592
19.1074	862592	864064
19.1148	864064	865536
19.1149	865536	867008
19.1353	867008	868480
19.1354	868480	869952
19.1354	869952	871424
19.1355	871424	872896
19.1355	872896	874368
19.1563	874368	875840
19.1563	875840	877312
19.1564	877312	878784
19.1565	878784	880256
19.1565	880256	881728
19.1566	881728	883200
19.1749	883200	884672
19.175	884672	886144
19.1751	886144	887616
19.1989	887616	889088
19.199	889088	890560
19.199	890560	892032
19.2433	892032	893504
19.2433	893504	894976
19.2434	894976	896448
19.2434	896448	897920
19.2435	897920	899392
19.2436	899392	900864
19.2436	900864	902336
19.2437	902336	903808
19.2437	903808	905280
19.2493	905280	906752
19.2494	906752	908224
19.2693	908224	909696
19.2693	909696	911168
19.2694	911168	912640
19.2695	912640	914112
19.2695	914112	915584
19.3159	915584	917056
19.3159	917056	918528
19.316	918528	920000
19.316	920000	921472
19.3165	921472	922944
19.3165	922944	924416
19.3165	924416	925888
19.3165	925888	927360
19.3698	927360	928832
19.3698	928832	930304
19.3698	930304	931776
19.3699	931776	933248
19.37	933248	934720
19.37	934720	936192
19.3701	936192	937664
19.3701	937664	939136
19.3702	939136	940608
19.3703	940608	942080
19.418	942080	943552
19.418	943552	945024
19.4181	945024	946496
19.4181	946496	947968
19.4182	947968	949440
19.4183	949440	950912
19.4183	950912	952384
19.4184	952384	953856
19.4184	953856	955328
19.4288	955328	956800
19.4719	956800	958272
19.4719	958272	959744
19.472	959744	961216
19.4721	961216	962688
19.4721	962688	964160
19.4722	964160	965632
19.4722	965632	967104
19.4723	967104	968576
19.4724	968576	970048
19.523	970048	971520
19.523	971520	972992
19.523	972992	974464
19.5231	974464	975936
19.5232	975936	977408
19.5232	977408	978880
19.5233	978880	980352
19.5233	980352	981824
19.5234	981824	983296
19.5235	983296	984768
19.5641	984768	986240
19.5642	986240	987712
19.5642	987712	989184
19.5643	989184	990656
19.5643	990656	992128
19.5644	992128	993600
19.5645	993600	995072
19.5645	995072	996544
19.6403	996544	998016
19.6403	998016	999488
19.6404	999488	1000960
19.6404	1000960	1002432
19.6405	1002432	1003904
19.6406	1003904	1005376
19.6406	1005376	1006848
19.6407	1006848	1008320
19.6407	1008320	1009792
19.6408	1009792	1011264
19.6888	1011264	1012736
19.6888	1012736	1014208
19.6889	1014208	1015680
19.6889	1015680	1017152
19.689	1017152	1018624
19.689	1018624	1020096
19.6891	1020096	1021568
19.6892	1021568	1023040
19.6892	1023040	1024512
19.6893	1024512	1025984
19.6957	1025984	1027456
19.6958	1027456	1028928
19.7061	1028928	1030400
19.7557	1030400	1031872
19.7558	1031872	1033344
19.7559	1033344	1034816
19.7559	1034816	1036288
19.756	1036288	1037760
19.756	1037760	1039232
19.7561	1039232	1040704
19.7561	1040704	1042176
19.7562	1042176	1043648
19.7563	1043648	1045120
19.8161	1045120	1046592
19.8161	1046592	1048064
19.8162	1048064	1049536
19.8162	1049536	1051008
19.8163	1051008	1052480
19.8163	1052480	1053952
19.8164	1053952	1055424
19.8164	1055424	1056896
19.8165	1056896	1058368
19.8319	1058368	98624
19.832	98624	97615
19.832	97615	97110
19.832	97110	96606
19.832	96606	96101
19.832	96101	95596
19.832	95596	95092
19.8564	95092	94587
19.8564	94587	94082
19.8564	94082	93578
19.8564	93578	93073
19.8565	93073	92568
19.8565	92568	92064
19.8565	92064	91559
19.8565	91559	91054
19.8565	91054	90550
19.8565	90550	90045
19.8565	90045	89540
19.8565	89540	89035
19.8566	89035	88531
19.8566	88531	88026
19.8566	88026	87521
19.8566	87521	87017
19.8566	87017	86512
19.8566	86512	86007
19.8566	86007	85503
19.8566	85503	84998
19.8567	84998	84493
19.8567	84493	83989
19.8567	83989	83484
19.8567	83484	82979
19.8567	82979	82475
19.8567	82475	81970
19.8567	81970	81465
19.8568	81465	80960
19.8568	80960	80456
19.8568	80456	79951
19.8568	79951	79446
19.8568	79446	78942
19.8568	78942	78437
19.8568	78437	77932
19.8568	77932	77428
19.8569	77428	76923
19.8569	76923	75072
19.8569	75072	73600
19.8569	73600	72128
19.8569	72128	70656
19.8569	70656	69184
19.8569	69184	67712
19.8572	67712	69184
19.8688	69184	70656
19.9127	70656	72128
19.9128	72128	73600
19.9128	73600	75072
19.9129	75072	76544
19.9433	76544	78016
19.9433	78016	79488
19.9433	79488	80960
19.9434	80960	82432
19.9435	82432	83904
19.9436	83904	85376
19.9873	85376	86848
19.9873	86848	88320
19.9874	88320	89792
19.9875	89792	91264
19.9875	91264	92736
19.999	92736	94208
19.9991	94208	95680
20.0108	95680	97152
20.0109	97152	98624
20.0469	98624	100096
20.0469	100096	101568
20.047	101568	103040
20.0471	103040	104512
20.0472	104512	105984
20.0657	105984	107456
20.0657	107456	108928
20.0658	108928	110400
20.0887	110400	111872
20.0887	111872	113344
20.0888	113344	114816
20.1006	114816	116288
20.1007	116288	117760
20.1008	117760	119232
20.1301	119232	120704
20.1414	120704	122176
20.1806	122176	123648
20.1806	123648	125120
20.1806	125120	126592
20.1807	126592	128064
20.1808	128064	129536
20.1809	129536	131008
20.181	131008	132480
20.2062	132480	133952
20.2063	133952	135424
20.2063	135424	136896
20.2064	136896	138368
20.2066	138368	139840
20.2524	139840	141312
20.2524	141312	142784
20.2525	142784	144256
20.2526	144256	145728
20.2527	145728	147200
20.2528	147200	148672
20.2676	148672	150144
20.296	150144	151616
20.296	151616	153088
20.2961	153088	154560
20.2963	154560	156032
20.2964	156032	157504
20.3208	157504	158976
20.3209	158976	160448
20.3211	160448	161920
20.3543	161920	163392
20.3665	163392	164864
20.3665	164864	166336
20.3665	166336	167808
20.3665	167808	169280
20.3665	169280	170752
20.3741	170752	172224
20.3844	172224	173696
20.4283	173696	175168
20.4283	175168	176640
20.4284	176640	178112
20.4285	178112	179584
20.4286	179584	181056
20.433	181056	182528
20.4401	182528	184000
20.4514	184000	185472
20.4515	185472	186944
20.4745	186944	188416
20.4746	188416	189888
20.5074	189888	191360
20.5074	191360	192832
20.5075	192832	194304
20.5076	194304	195776
20.5078	195776	197248
20.559	197248	198720
20.5591	198720	200192
20.5591	200192	201664
20.5592	201664	203136
20.5593	203136	204608
20.5594	204608	206080
20.5595	206080	207552
20.6145	207552	209024
20.6145	209024	210496
20.6146	210496	211968
20.6147	211968	213440
20.6148	213440	214912
20.6149	214912	216384
20.6188	216384	217856
20.6615	217856	219328
20.6616	219328	220800
20.6617	220800	222272
20.6618	222272	223744
20.6619	223744	225216
20.662	225216	226688
20.7133	226688	228160
20.7134	228160	229632
20.7135	229632	231104
20.7136	231104	232576
20.7137	232576	234048
20.7174	234048	235520
20.758	235520	236992
20.758	236992	238464
20.7581	238464	239936
20.7582	239936	241408
20.7584	241408	242880
20.7721	242880	244352
20.7722	244352	245824
20.7949	245824	247296
20.795	247296	248768
20.8022	248768	250240
20.8793	250240	251712
20.8793	251712	253184
20.8793	253184	254656
20.8794	254656	256128
20.8795	256128	257600
20.8796	257600	259072
20.8797	259072	260544
20.8798	260544	262016
20.8913	262016	263488
20.8914	263488	264960
20.9415	264960	266432
20.9416	266432	267904
20.9417	267904	269376
20.9418	269376	270848
20.9419	270848	272320
20.942	272320	273792
20.9574	273792	275264
20.9677	275264	276736
20.9678	276736	278208
20.9907	278208	279680
20.9908	279680	281152
20.9909	281152	282624
